# Created by Octave 5.1.0, Sat Oct 19 10:48:14 2019 GMT <unknown@Tai>
# name: B
# type: matrix
# rows: 140
# columns: 188
 0 0 0 0 0 0 0 0 0 0 0 0 0 0 0 0 0 0 0 0 0 0 0 0 0 0 0 0 0 0 0 0 0 0 0 0 0 0 0 0 0 0 0 0 0 0 0 0 0 0 0 0 0 0 0 0 0 0 0 0 0 0 0 0 0 0 0 0 0 0 0 0 0 0 0 0 0 0 0 0 0 0 0 0 0 0 0 0 0 0 0 0 0 0 0 0 0 0 0 0 0 0 0 0 0 0 0 0 0 0 0 0 0 0 0 0 0 0 0 0 0 0 0 0 0 0 0 0 0 0 0 0 0 0 0 0 0 0 0 0 0 0 0 0 0 0 0 0 0 0 0 0 0 0 0 0 0 0 0 0 0 0 0 0 0 0 0 0 0 0 0 0 0 0 0 0 0 0 0 0 0 0 0 0 0 0 0 0
 0 0 0 0 0 0 0 0 0 0 0 0 0 0 0 0 0 0 0 0 0 0 0 0 0 0 0 0 0 0 0 0 0 0 0 0 0 0 0 0 0 0 0 0 0 0 0 0 0 0 0 0 0 0 0 0 0 0 0 0 0 0 0 0 0 0 0 0 0 0 0 0 0 0 0 0 0 0 0 0 0 0 0 0 0 0 0 0 0 0 0 0 0 0 0 0 0 0 0 0 0 0 0 0 0 0 0 0 0 0 0 0 0 0 0 0 0 0 0 0 0 0 0 0 0 0 0 0 0 0 0 0 0 0 0 0 0 0 0 0 0 0 0 0 0 0 0 0 0 0 0 0 0 0 0 0 0 0 0 0 0 0 0 0 0 0 1 0 0 0 0 0 0 0 0 0 0 0 0 0 0 0 0 0 0 2 1 0
 0 0 0 0 0 0 0 0 0 0 0 0 0 0 0 0 0 0 0 0 0 0 0 0 0 0 0 0 0 0 0 0 0 0 0 0 0 0 0 0 0 0 0 0 0 0 0 0 0 0 0 0 0 0 0 0 0 0 0 0 0 0 0 0 0 0 0 0 0 0 0 0 0 0 0 0 0 0 0 0 0 0 0 0 0 0 0 0 0 0 0 0 0 0 0 0 0 0 0 0 0 0 0 0 0 0 0 0 0 0 0 0 0 0 0 0 0 0 0 0 0 0 0 0 0 0 0 0 0 0 0 0 0 0 0 0 0 0 0 0 0 0 0 0 0 0 0 0 0 0 0 0 0 0 0 0 0 0 0 0 0 0 0 0 0 0 0 0 0 0 0 0 0 0 0 0 1 0 1 9 0 0 0 0 0 0 0 0
 0 0 0 0 0 0 0 0 0 0 0 0 0 0 0 0 0 0 0 0 0 0 0 0 0 0 0 0 0 0 0 0 0 0 0 0 0 0 0 0 0 0 0 0 0 0 0 0 0 0 0 0 0 0 0 0 0 0 0 0 0 0 0 0 0 0 0 0 0 0 0 0 0 0 0 0 0 0 0 0 0 0 0 0 0 0 0 0 0 0 0 0 0 0 0 0 0 0 0 0 0 0 0 0 0 0 0 0 0 0 0 0 0 0 0 0 0 0 0 0 0 0 0 0 0 0 0 0 0 0 0 0 0 0 0 0 0 0 0 0 0 0 0 0 0 0 0 0 0 0 0 0 0 0 0 0 0 0 0 0 0 0 0 0 0 0 0 0 0 0 0 0 0 3 9 20 31 42 50 57 60 60 55 43 0 0 0 0
 0 0 0 0 0 0 0 0 0 0 0 0 0 0 0 0 0 0 0 0 0 0 0 0 0 0 0 0 0 0 0 0 0 0 0 0 0 0 0 0 0 0 0 0 0 0 0 0 0 0 0 0 0 0 0 0 0 0 0 0 0 0 0 0 0 0 0 0 0 0 0 0 0 0 0 0 0 0 0 0 0 0 0 0 0 0 0 0 0 0 0 0 0 0 0 0 0 0 0 0 0 0 0 0 0 0 0 0 0 0 0 0 0 0 0 0 0 0 0 0 0 0 0 0 0 0 0 0 0 0 0 0 0 0 0 0 0 0 0 0 0 0 0 0 0 0 0 0 0 0 0 0 0 0 0 0 0 0 0 0 0 0 0 0 0 0 0 0 0 0 4 9 23 40 69 76 78 77 77 75 78 79 80 83 62 21 0 0
 0 0 0 0 0 0 0 0 0 0 0 0 0 0 0 0 0 0 0 0 0 0 0 0 0 0 0 0 0 0 0 0 0 0 0 0 0 0 0 0 0 0 0 0 0 0 0 0 0 0 0 0 0 0 0 0 0 0 0 0 0 0 0 0 0 0 0 0 0 0 0 0 0 0 0 0 0 0 0 0 0 0 0 0 0 0 0 0 0 0 0 0 0 0 0 0 0 0 0 0 0 0 0 0 0 0 0 0 0 0 0 0 0 0 0 0 0 0 0 0 0 0 0 0 0 0 0 0 0 0 0 0 0 0 0 0 0 0 0 0 0 0 0 0 0 0 0 0 0 0 0 0 0 0 0 0 0 0 0 0 0 0 0 0 0 7 20 43 55 71 73 72 76 82 87 88 85 84 86 85 84 83 76 56 79 83 60 1
 0 0 0 0 0 0 0 0 0 0 0 0 0 0 0 0 0 0 0 0 0 0 0 0 0 0 0 0 0 0 0 0 0 0 0 0 0 0 0 0 0 0 0 0 0 0 0 0 0 0 0 0 0 0 0 0 0 0 0 0 0 0 0 0 0 0 0 0 0 0 0 0 0 0 0 0 0 0 0 0 0 0 0 0 0 0 0 0 0 0 0 0 0 0 0 0 0 0 0 0 0 0 0 0 0 0 0 0 0 0 0 0 0 0 0 0 0 0 0 0 0 0 0 0 0 0 0 0 0 0 0 0 0 0 0 0 0 0 0 0 0 0 0 0 0 0 0 0 0 0 0 0 0 0 0 0 0 0 0 0 0 0 0 2 12 61 74 74 73 78 90 91 92 92 94 90 91 90 88 85 84 83 80 81 69 79 78 7
 0 0 0 0 0 0 0 0 0 0 0 0 0 0 0 0 0 0 0 0 0 0 0 0 0 0 0 0 0 0 0 0 0 0 0 0 0 0 0 0 0 0 0 0 0 0 0 0 0 0 0 0 0 0 0 0 0 0 0 0 0 0 0 0 0 0 0 0 0 0 0 0 0 0 0 0 0 0 0 0 0 0 0 0 0 0 0 0 0 0 0 0 0 0 0 0 0 0 0 0 0 0 0 0 0 0 0 0 0 0 0 0 0 0 0 0 0 0 0 0 0 0 0 0 0 0 0 0 0 0 0 0 0 0 0 0 0 0 0 0 0 0 0 0 0 0 0 0 0 0 0 0 0 0 0 0 0 0 0 0 1 6 21 49 69 76 84 91 93 96 99 100 101 102 99 100 98 97 93 87 84 83 80 78 55 76 77 12
 0 0 0 0 0 0 0 0 0 0 0 0 0 0 0 0 0 0 0 0 0 0 0 0 0 0 0 0 0 0 0 0 0 0 0 0 0 0 0 0 0 0 0 0 0 0 0 0 0 0 0 0 0 0 0 0 0 0 0 0 0 0 0 0 0 0 0 0 0 0 0 0 0 0 0 0 0 0 0 0 0 0 0 0 0 0 0 0 0 0 0 0 0 0 0 0 0 0 0 0 0 0 0 0 0 0 0 0 0 0 0 0 0 0 0 0 0 0 0 0 0 0 0 0 0 0 0 0 0 0 0 0 0 0 0 0 0 0 0 0 0 0 0 0 0 0 0 0 0 0 0 0 0 0 0 0 0 0 0 1 30 59 75 75 81 95 99 103 103 105 107 107 108 108 105 105 103 100 97 89 84 80 80 78 50 73 76 11
 0 0 0 0 0 0 0 0 0 0 0 0 0 0 0 0 0 0 0 0 0 0 0 0 0 0 0 0 0 0 0 0 0 0 0 0 0 0 0 0 0 0 0 0 0 0 0 0 0 0 0 0 0 0 0 0 0 0 0 0 0 0 0 0 0 0 0 0 0 0 0 0 0 0 0 0 0 0 0 0 0 0 0 0 0 0 0 0 0 0 0 0 0 0 0 0 0 0 0 0 0 0 0 0 0 0 0 0 0 0 0 0 0 0 0 0 0 0 0 0 0 0 0 0 0 0 0 0 0 0 0 0 0 0 0 0 0 0 0 0 0 0 0 0 0 0 0 0 0 0 0 0 0 0 0 0 0 7 13 41 74 78 88 96 99 107 108 112 112 111 111 114 112 112 111 110 103 101 98 94 86 80 77 77 65 72 72 5
 0 0 0 0 0 0 0 0 0 0 0 0 0 0 0 0 0 0 0 0 0 0 0 0 0 0 0 0 0 0 0 0 0 0 0 0 0 0 0 0 0 0 0 0 0 0 0 0 0 0 0 0 0 0 0 0 0 0 0 0 0 0 0 0 0 0 0 0 0 0 0 0 0 0 0 0 0 0 0 0 0 0 0 0 0 0 0 0 0 0 0 0 0 0 0 0 0 0 0 0 0 0 0 0 0 0 0 0 0 0 0 0 0 0 0 0 0 0 0 0 0 0 0 0 0 0 0 0 0 0 0 0 0 0 0 0 0 0 0 0 0 0 0 0 0 0 0 0 0 0 0 0 0 1 13 44 75 85 91 99 109 113 114 116 115 103 90 76 69 63 56 55 56 60 83 106 113 116 104 95 88 80 75 74 58 71 44 0
 0 0 0 0 0 0 0 0 0 0 0 0 0 0 0 0 0 0 0 0 0 0 0 0 0 0 0 0 0 0 0 0 0 0 0 0 0 0 0 0 0 0 0 0 0 0 0 0 0 0 0 0 0 0 0 0 0 0 0 0 0 0 0 0 0 0 0 0 0 0 0 0 0 0 0 0 0 0 0 0 0 0 0 0 0 0 0 0 0 0 0 0 0 0 0 0 0 0 0 0 0 0 0 0 0 0 0 0 0 0 0 0 0 0 0 0 0 0 0 0 0 0 0 0 0 0 0 0 0 0 0 0 0 0 0 0 0 0 0 0 0 0 0 0 0 0 0 0 0 0 0 2 15 49 72 78 99 105 108 114 118 115 110 94 75 48 41 38 37 37 34 30 26 28 54 65 103 114 109 94 88 79 74 73 58 70 17 0
 0 0 0 0 0 0 0 0 0 0 0 0 0 0 0 0 0 0 0 0 0 0 0 0 0 0 0 0 0 0 0 0 0 0 0 0 0 0 0 0 0 0 0 0 0 0 0 0 0 0 0 0 0 0 0 0 0 0 0 0 0 0 0 0 0 0 0 0 0 0 0 0 0 0 0 0 0 0 0 0 0 0 0 0 0 0 0 0 0 0 0 0 0 0 0 0 0 0 0 0 0 0 0 0 0 0 0 0 0 0 0 0 0 0 0 0 0 0 0 0 0 0 0 0 0 0 0 0 0 0 0 0 0 0 0 0 0 0 0 0 0 0 0 0 0 0 0 0 0 0 2 53 72 79 93 100 112 114 112 115 84 62 49 42 42 55 62 67 75 80 65 51 42 36 30 54 71 108 109 90 86 78 72 70 66 60 1 0
 0 0 0 0 0 0 0 0 0 0 0 0 0 0 0 0 0 0 0 0 0 0 0 0 0 0 0 0 0 0 0 0 0 0 0 0 0 0 0 0 0 0 0 0 0 0 0 0 0 1 0 0 0 0 0 0 0 0 0 0 0 0 0 0 0 0 0 0 0 0 0 0 0 0 0 0 0 0 0 0 0 0 0 0 0 0 0 0 0 0 0 0 0 0 0 0 0 0 0 0 0 0 0 0 0 0 0 0 0 0 0 0 0 0 0 0 0 0 0 0 0 0 0 0 0 0 0 0 0 0 0 0 0 0 0 0 0 0 0 0 0 0 0 0 0 0 2 3 1 3 20 74 81 94 102 109 117 99 97 97 53 44 45 53 66 105 93 87 108 132 122 91 53 39 15 52 64 108 108 89 85 77 72 70 68 48 0 0
 0 0 0 0 0 0 0 0 0 0 0 0 0 0 0 0 0 0 0 0 0 0 0 0 0 0 0 0 0 0 0 0 0 0 0 0 0 0 0 0 0 0 0 0 0 0 0 0 0 0 0 0 0 0 0 0 0 0 0 0 0 0 0 0 0 0 0 0 0 0 0 0 0 0 0 0 0 0 0 0 0 0 0 0 0 0 0 0 0 0 0 0 0 0 0 0 0 0 0 0 0 0 0 0 0 0 0 0 0 0 0 0 0 0 0 0 0 0 0 0 0 0 0 0 0 0 0 0 0 0 0 0 0 0 0 0 0 0 0 0 0 0 0 0 0 1 48 55 73 84 97 111 118 118 104 74 47 64 80 115 137 136 135 135 133 135 137 132 133 135 136 139 140 137 36 28 57 100 106 87 79 71 70 62 48 0 0 0
 0 0 0 0 0 0 0 0 0 0 0 0 0 0 0 0 0 0 0 0 0 0 0 0 0 0 0 0 0 0 0 0 0 0 0 0 0 0 0 0 0 0 0 0 0 0 0 0 0 0 0 0 0 0 0 0 0 0 0 0 0 0 0 0 0 0 0 0 0 0 0 0 0 0 0 0 0 0 0 0 0 0 0 0 0 0 0 0 0 0 0 0 0 0 0 0 0 0 0 0 0 0 0 0 0 0 0 0 0 0 0 0 0 0 0 0 0 0 0 0 0 0 0 0 0 0 0 0 0 0 0 0 0 0 0 0 0 0 0 0 0 0 0 0 8 37 79 84 99 107 114 114 91 62 47 59 127 134 136 135 134 133 132 131 129 132 131 132 134 135 134 135 138 143 37 26 59 100 101 83 76 70 69 54 7 0 0 0
 0 0 0 0 0 0 0 0 0 0 0 0 0 0 0 0 0 0 0 0 0 0 0 0 0 0 0 0 0 0 0 0 0 0 0 0 0 0 0 0 0 0 0 0 0 0 0 0 0 0 0 0 0 0 0 0 0 0 0 0 0 0 0 0 0 0 0 0 0 0 0 0 0 0 0 0 0 0 0 0 0 0 0 0 0 0 0 0 0 0 0 0 0 0 0 0 0 0 0 0 0 0 0 0 0 0 0 0 0 0 0 0 0 0 0 0 0 0 0 0 0 0 0 0 0 0 0 0 0 0 0 0 0 0 0 0 0 0 0 0 0 1 8 35 65 78 103 108 115 117 109 54 51 76 117 135 134 131 129 128 130 128 128 129 130 131 128 126 127 131 135 133 134 140 37 34 65 102 95 79 71 69 63 64 0 0 0 0
 0 0 0 0 0 0 0 0 0 0 0 0 0 0 0 0 0 0 0 0 0 0 0 0 0 0 0 0 0 0 0 0 0 0 0 0 0 0 0 0 0 0 0 0 0 0 0 0 0 0 0 0 0 0 0 0 0 0 0 0 0 0 0 0 0 0 0 0 0 0 0 0 0 0 0 0 0 0 0 0 0 0 0 0 0 0 0 0 0 0 0 0 0 0 0 0 0 0 0 0 0 0 0 0 0 0 0 0 0 0 0 0 0 0 0 0 0 0 0 0 0 0 0 0 0 0 0 0 1 0 0 0 0 0 0 0 0 0 0 0 0 33 64 78 92 103 115 117 105 74 51 92 128 132 134 132 126 126 127 126 127 125 125 126 128 130 132 127 125 125 134 132 134 139 37 45 79 101 87 76 71 67 57 60 0 0 0 0
 0 0 0 0 0 0 0 0 0 0 0 0 0 0 0 0 0 0 0 0 0 0 0 0 0 0 0 0 0 0 0 0 0 0 0 0 0 0 0 0 0 0 0 0 0 0 0 0 0 0 0 0 0 0 0 0 0 0 0 0 0 0 0 0 0 0 0 0 0 0 0 0 0 0 0 0 0 0 0 0 0 0 0 0 0 0 0 0 0 0 0 0 0 0 0 0 0 0 0 0 0 0 0 0 0 0 0 0 0 0 0 0 0 0 0 0 0 0 0 0 0 0 0 0 0 0 0 0 0 0 0 0 0 0 0 0 0 0 0 5 29 78 92 104 112 118 84 67 50 68 109 134 130 131 127 130 127 124 123 121 118 118 121 119 120 124 123 132 132 125 133 131 131 137 31 55 95 95 84 71 69 59 64 20 0 0 0 0
 0 0 0 0 0 0 0 0 0 0 0 0 0 0 0 0 0 0 0 0 0 0 0 0 0 0 0 0 0 0 0 0 0 0 0 0 0 0 0 0 0 0 0 0 0 0 0 0 0 0 0 0 0 0 0 0 0 0 0 0 0 0 0 0 0 0 0 0 0 0 0 0 0 0 0 0 0 0 0 0 0 0 0 0 0 0 0 0 0 0 0 0 0 0 0 0 0 0 0 0 0 0 0 0 0 0 0 0 0 0 0 0 0 0 0 0 0 0 0 0 0 0 0 0 0 0 0 0 0 0 0 0 0 0 0 0 6 56 76 89 102 118 112 80 51 64 133 134 129 128 124 117 115 118 116 112 115 113 116 118 119 119 117 111 112 115 123 123 128 129 130 133 134 103 51 90 93 81 74 68 58 58 2 0 0 0 0 0
 0 0 0 0 0 0 0 0 0 0 0 0 0 0 0 0 0 0 0 0 0 0 0 0 0 0 0 0 0 0 0 0 0 0 0 0 0 0 0 0 0 0 0 0 0 0 0 0 0 0 0 0 0 0 0 0 0 0 0 0 0 0 0 0 0 0 0 0 0 0 0 0 0 0 0 0 0 0 0 0 0 0 0 0 0 0 0 0 0 0 0 0 0 0 0 0 0 0 0 0 0 0 0 0 0 0 0 0 0 0 0 0 0 0 0 0 0 0 0 0 0 0 0 0 0 0 0 0 0 0 0 0 0 0 4 30 64 87 102 113 118 77 52 69 117 134 128 128 128 121 114 115 114 115 114 111 110 109 108 110 114 118 121 121 112 116 121 127 129 132 134 131 134 57 67 99 85 76 70 60 62 15 0 0 0 0 0 0
 0 0 0 0 0 0 0 0 0 0 0 0 0 0 0 0 0 0 0 0 0 0 0 0 0 0 0 0 0 0 0 0 0 0 0 0 0 0 0 0 0 0 0 0 0 0 0 0 0 0 0 0 0 0 0 0 0 0 0 0 0 0 0 0 0 0 0 0 0 0 0 0 0 0 0 0 0 0 0 0 0 0 0 0 0 0 0 0 0 0 0 0 0 0 0 0 0 0 0 0 0 0 0 0 0 0 0 0 0 0 0 0 0 0 0 0 0 0 0 0 0 0 0 0 0 0 0 0 0 0 0 0 0 19 60 76 93 109 119 111 77 72 121 134 131 124 121 119 114 110 115 110 108 104 104 104 104 108 106 108 106 107 111 119 119 118 121 125 131 129 130 132 114 40 93 90 79 71 68 60 33 0 0 0 0 0 0 0
 0 0 0 0 0 0 0 0 0 0 0 0 0 0 0 0 0 0 0 0 0 0 0 0 0 0 0 0 0 0 0 0 0 0 0 0 0 0 0 0 0 0 0 0 0 0 0 0 0 0 0 0 0 0 0 0 0 0 0 0 0 0 0 0 0 0 0 0 0 0 0 0 0 0 0 0 0 0 0 0 0 0 0 0 0 0 0 0 0 0 0 0 0 0 0 0 0 0 0 0 0 0 0 0 0 0 0 0 0 0 0 0 0 0 0 0 0 0 0 0 0 0 0 0 0 0 0 0 0 0 0 0 50 73 89 102 113 111 81 53 72 134 132 127 126 119 113 112 113 110 108 104 103 100 98 96 95 96 98 97 107 105 109 113 118 117 120 127 132 127 129 131 63 37 97 83 75 71 62 48 1 0 0 0 0 0 0 0
 0 0 0 0 0 0 0 0 0 0 0 0 0 0 0 0 0 0 0 0 0 0 0 0 0 0 0 0 0 0 0 0 0 0 0 0 0 0 0 0 0 0 0 0 0 0 0 0 0 0 0 0 0 0 0 0 0 0 0 0 0 0 0 0 0 0 0 0 0 0 0 0 0 0 0 0 0 0 0 0 0 0 0 0 0 0 0 0 0 0 0 0 0 0 0 0 1 0 0 0 0 0 0 0 0 0 0 0 0 0 0 0 0 0 0 0 0 0 0 0 0 0 0 0 0 0 0 0 0 0 0 0 80 100 111 113 106 75 70 117 134 130 124 118 110 108 109 105 104 100 98 95 94 92 92 90 91 92 93 91 99 106 104 110 119 116 123 129 131 126 127 109 40 55 87 77 68 61 58 5 0 0 0 0 0 0 0 0
 0 0 0 0 0 0 0 0 0 0 0 0 0 0 0 0 0 0 0 0 0 0 0 0 0 0 0 0 0 0 0 0 0 0 0 0 0 0 0 0 0 0 0 0 0 0 0 0 0 0 0 0 0 0 0 0 0 0 0 0 0 0 0 0 0 0 0 0 0 0 0 0 0 0 0 0 0 0 0 0 0 0 0 0 0 0 0 0 0 0 0 1 2 4 9 11 20 17 13 15 13 14 11 9 6 4 1 1 0 0 0 0 0 0 0 0 0 0 0 0 0 0 0 0 0 0 0 0 0 0 0 0 90 102 70 54 94 119 132 129 124 110 109 109 103 99 94 92 90 89 85 84 86 86 87 89 88 87 87 92 95 104 106 108 114 118 127 132 128 129 116 42 55 94 77 70 61 46 14 0 0 0 0 0 0 0 0 0
 0 0 0 0 0 0 0 0 0 0 0 0 0 0 0 0 0 0 0 0 0 0 0 0 0 0 0 0 0 0 0 0 0 0 0 0 0 0 0 0 0 0 0 0 0 0 0 0 0 0 0 0 0 0 0 0 0 0 0 0 0 0 0 0 0 0 0 0 0 0 0 0 0 0 0 0 0 0 0 0 0 0 0 0 0 0 0 2 6 12 24 29 34 37 41 42 45 46 46 47 45 44 44 42 40 38 34 28 20 6 2 0 0 0 0 0 0 0 0 0 0 0 0 0 0 0 0 0 0 0 0 0 43 53 83 127 133 130 126 119 113 109 102 99 95 92 86 86 82 78 72 61 60 61 67 78 86 88 82 89 95 101 106 111 115 121 130 126 127 131 62 43 83 91 72 66 60 29 0 0 0 0 0 0 0 0 0 0
 0 0 0 0 0 0 0 0 0 0 0 0 0 0 0 0 0 0 0 0 0 0 0 0 0 0 0 0 0 0 0 0 0 0 0 0 0 0 0 0 0 0 0 0 0 0 0 0 0 0 0 0 0 0 0 0 0 0 0 0 0 0 0 0 0 0 0 0 0 0 0 0 0 0 0 0 0 0 0 0 0 0 0 0 3 13 22 32 39 42 47 49 50 52 54 55 58 59 59 58 57 55 56 55 54 54 52 51 48 40 33 22 13 1 0 0 0 0 0 0 0 0 0 0 0 0 0 0 0 0 0 0 24 113 129 129 123 116 113 112 108 97 92 89 85 82 63 57 50 45 42 41 41 44 46 48 89 88 88 85 93 103 106 117 113 125 127 129 131 130 40 69 96 83 69 58 44 0 0 0 0 0 0 0 0 0 0 0
 0 0 0 0 0 0 0 0 0 0 0 0 0 0 0 0 0 0 0 0 0 0 0 0 0 0 0 0 0 0 0 0 0 0 0 0 0 0 0 0 0 0 0 0 0 0 0 0 0 0 0 0 0 0 0 0 0 0 0 0 0 0 0 0 0 0 0 0 0 0 0 0 0 0 0 0 0 0 0 0 0 3 11 21 31 39 43 49 52 55 57 59 60 61 64 66 69 70 69 67 65 65 65 63 64 65 64 62 60 54 51 47 44 27 14 4 1 0 0 0 0 0 0 0 0 0 0 0 0 0 0 0 9 115 122 120 114 112 103 100 96 86 81 73 59 49 37 36 33 32 31 33 35 33 38 46 81 86 87 85 94 106 109 118 115 130 127 130 131 118 58 97 86 76 61 51 1 0 0 0 0 0 0 0 0 0 0 0
 0 0 0 0 0 0 0 0 0 0 0 0 0 0 0 0 0 0 0 0 0 0 0 0 0 0 0 0 0 0 0 0 0 0 0 0 0 0 0 0 0 0 0 0 0 0 0 0 0 0 0 0 0 0 0 0 0 0 0 0 0 0 0 0 0 0 0 0 0 0 0 0 0 0 0 0 0 2 12 26 43 46 50 52 54 58 64 69 71 73 75 76 76 79 85 86 88 88 87 83 83 82 82 82 85 84 83 82 79 74 71 69 65 60 55 50 47 43 21 7 0 0 0 0 0 0 0 0 0 0 0 0 0 66 104 102 93 87 81 70 54 35 30 27 31 31 30 31 30 31 32 31 32 15 38 36 72 85 84 87 101 109 116 118 121 130 129 120 82 43 94 80 72 65 9 0 0 0 0 0 0 0 0 0 0 0 0 0
 0 0 0 0 0 0 0 0 0 0 0 0 0 0 0 0 0 0 0 0 0 0 0 0 0 0 0 0 0 0 0 0 0 0 0 0 0 0 0 0 0 0 0 0 0 0 0 0 0 0 0 0 0 0 0 0 0 0 0 0 0 0 0 0 0 0 0 0 0 0 0 0 0 0 0 0 15 30 40 45 52 54 57 60 62 67 75 79 81 82 85 88 89 90 95 95 96 95 94 91 91 92 93 93 95 95 94 91 88 83 79 77 75 68 64 58 55 53 45 38 23 8 0 0 0 0 0 0 0 0 0 0 0 34 90 87 83 64 48 37 30 30 28 28 25 26 26 24 24 26 24 30 32 24 33 37 79 86 82 89 106 114 113 117 126 129 126 60 41 71 83 74 67 60 0 0 0 0 0 0 0 0 0 0 0 0 0 0
 0 0 0 0 0 0 0 0 0 0 0 0 0 0 0 0 0 0 0 0 0 0 0 0 0 0 0 0 0 0 0 0 0 0 0 0 0 0 0 0 0 0 0 0 0 0 0 0 0 0 0 0 0 0 0 0 0 0 0 0 0 0 0 0 0 0 0 0 0 0 0 0 0 0 3 18 40 44 49 52 59 62 63 66 69 81 85 89 89 92 93 95 94 98 102 101 101 100 100 99 99 100 103 103 102 102 99 97 95 90 90 86 83 76 71 65 63 61 54 49 45 37 20 0 0 0 0 0 0 0 0 0 0 10 75 67 50 34 28 29 29 24 23 24 22 22 22 23 24 24 26 33 30 27 32 39 85 83 86 90 112 113 118 124 127 130 79 45 62 96 77 69 60 27 0 0 0 0 0 0 0 0 0 0 0 0 0 0
 0 0 0 0 0 0 0 0 0 0 0 0 0 0 0 0 0 0 0 0 0 0 0 0 0 0 0 0 0 0 0 0 0 0 0 0 0 0 0 0 0 0 0 0 0 0 0 0 0 0 0 0 0 0 0 0 0 0 0 0 0 0 0 0 0 0 0 0 0 0 0 0 9 23 31 40 48 52 55 60 66 70 72 74 81 93 93 96 99 99 100 101 102 106 107 107 108 107 105 105 108 110 114 117 112 109 102 101 100 100 97 94 92 83 77 73 71 69 61 58 54 50 44 14 1 0 0 0 0 0 0 0 0 1 43 35 29 30 27 25 24 21 18 18 18 18 19 21 22 23 24 29 29 26 35 43 85 85 89 98 116 115 123 127 129 96 43 78 95 89 69 59 34 0 0 0 0 0 0 0 0 0 0 0 0 0 0 0
 0 0 0 0 0 0 0 0 0 0 0 0 0 0 0 0 0 0 0 0 0 0 0 0 0 0 0 0 0 0 0 0 0 0 0 0 0 0 0 0 0 0 0 0 0 0 0 0 0 0 0 0 0 0 0 0 0 0 0 0 0 0 0 0 0 0 0 0 0 0 0 20 36 43 45 49 55 59 64 67 72 75 78 87 96 99 102 104 104 103 104 108 113 114 115 114 114 112 111 117 117 120 121 123 119 116 114 110 109 106 103 101 99 89 84 80 78 75 70 66 62 58 54 41 26 6 0 0 0 0 0 0 0 0 21 28 26 23 20 18 17 15 13 12 13 12 17 18 21 21 23 30 31 23 36 48 84 89 91 106 113 120 131 130 131 44 69 95 89 79 61 40 0 0 0 0 0 0 0 0 0 0 0 0 0 0 0 0
 0 0 0 0 0 0 0 0 0 0 0 0 0 0 0 0 0 0 0 0 0 0 0 0 0 0 0 0 0 0 0 0 0 0 0 0 0 0 0 0 0 0 0 0 0 0 0 0 0 0 0 0 0 0 0 0 0 0 0 0 0 0 0 0 0 0 0 0 5 23 39 50 53 57 59 62 71 74 77 81 89 98 106 110 110 112 119 115 119 119 123 128 126 125 127 126 125 126 131 135 138 139 140 138 133 131 129 127 126 122 119 114 108 100 96 93 91 89 84 80 78 72 69 61 55 49 40 10 0 0 0 0 0 0 5 16 13 11 9 6 3 1 2 5 7 11 10 13 18 22 24 32 28 36 49 79 90 104 108 116 125 130 133 126 57 98 89 79 74 63 2 0 0 0 0 0 0 0 0 0 0 0 0 0 0 0 0 0
 0 0 0 0 0 0 0 0 0 0 0 0 0 0 0 0 0 0 0 0 0 0 0 0 0 0 0 0 0 0 0 0 0 0 0 0 0 0 0 0 0 0 0 0 0 0 0 0 0 0 0 0 0 0 0 0 0 0 0 0 0 0 0 0 0 0 0 11 34 43 48 56 59 63 66 71 77 81 84 88 102 113 117 118 120 122 123 123 123 126 132 133 133 134 131 130 133 136 138 142 142 143 141 141 136 136 134 133 132 127 124 120 114 107 104 101 99 96 91 89 85 80 74 69 63 55 51 38 14 0 0 0 0 0 1 8 3 0 0 0 0 0 0 0 1 7 14 14 20 22 24 31 29 44 70 83 101 112 114 114 128 133 128 63 54 90 79 70 63 51 0 0 0 0 0 0 0 0 0 0 0 0 0 0 0 0 0 0
 0 0 0 0 0 0 0 0 0 0 0 0 0 0 0 0 0 0 0 0 0 0 0 0 0 0 0 0 0 0 0 0 0 0 0 0 0 0 0 0 0 0 0 0 0 0 0 0 0 0 0 0 0 0 0 0 0 0 0 0 0 0 0 0 0 0 19 37 46 51 55 61 66 72 75 77 85 88 91 95 117 122 122 124 127 127 129 128 134 135 137 137 136 135 138 137 139 143 145 148 149 148 145 143 140 140 139 137 137 134 131 124 120 113 110 106 105 106 98 95 90 87 80 76 67 62 59 51 41 18 1 0 0 0 0 0 0 0 0 0 0 0 0 0 0 6 13 15 18 23 26 27 39 57 83 85 110 113 114 122 131 129 72 51 92 81 70 60 51 4 0 0 0 0 0 0 0 0 0 0 0 0 0 0 0 0 0 0
 0 0 0 0 0 0 0 0 0 0 0 0 0 0 0 0 0 0 0 0 0 0 0 0 0 0 0 0 0 0 0 0 0 0 0 0 0 0 0 0 0 0 0 0 0 0 0 0 0 0 0 0 0 0 0 0 0 0 0 0 0 0 0 0 0 0 33 43 49 53 57 64 70 75 78 80 90 92 95 104 119 122 126 128 129 129 130 132 136 137 138 139 138 136 138 139 142 145 147 150 150 149 145 144 142 141 139 139 139 134 132 128 125 118 114 111 111 107 101 99 94 89 85 79 69 65 62 56 48 33 8 0 0 0 0 0 0 0 0 0 0 0 0 0 0 5 13 15 20 23 26 28 43 70 83 89 116 113 116 127 131 113 48 71 99 77 64 53 27 0 0 0 0 0 0 0 0 0 0 0 0 0 0 0 0 0 0 0
 0 0 0 0 0 0 0 0 0 0 0 0 0 0 0 0 0 0 0 0 0 0 0 0 0 0 0 0 0 0 0 0 0 0 0 0 0 0 0 0 0 0 0 0 0 0 0 0 0 0 0 0 0 0 0 0 0 0 0 0 0 0 0 0 0 16 46 51 55 60 63 71 78 84 85 90 96 99 108 122 127 129 132 135 134 134 137 139 140 142 141 142 141 140 144 147 152 153 154 154 152 150 146 144 145 146 143 143 141 136 136 131 126 122 120 118 115 113 107 104 99 95 93 80 72 71 69 65 56 49 35 7 0 0 0 0 0 0 0 0 0 0 0 0 0 5 15 17 23 25 31 39 59 83 89 99 116 117 124 132 118 50 68 99 88 66 53 4 0 0 0 0 0 0 0 0 0 0 0 0 0 0 0 0 0 0 0 0
 0 0 0 0 0 0 0 0 0 0 0 0 0 0 0 0 0 0 0 0 0 0 0 0 0 0 0 0 0 0 0 0 0 0 0 0 0 0 0 0 0 0 0 0 0 0 0 0 0 0 0 0 0 0 0 0 0 0 0 0 0 0 10 36 42 49 59 62 66 71 77 89 91 97 97 101 121 129 133 134 140 138 138 139 142 145 147 146 145 147 145 147 148 151 160 163 161 164 164 157 154 154 154 153 150 150 150 147 147 142 140 139 136 133 132 130 130 125 119 115 112 110 102 86 88 87 86 79 72 69 61 50 5 0 0 0 0 0 0 0 0 0 0 0 0 11 19 22 26 32 30 76 87 94 107 117 122 128 132 122 64 99 90 78 66 5 0 0 0 0 0 0 0 0 0 0 0 0 0 0 0 0 0 0 0 0 0 0
 0 0 0 0 0 0 0 0 0 0 0 0 0 0 0 0 0 0 0 0 0 0 0 0 0 0 0 0 0 0 0 0 0 0 0 0 0 0 0 0 0 0 0 0 0 0 0 0 0 0 0 0 0 0 0 0 0 0 0 0 0 0 36 46 50 55 64 69 74 79 86 95 99 102 104 115 133 134 135 139 140 140 140 143 146 150 149 150 150 149 150 150 155 158 163 165 165 166 164 157 157 155 159 156 154 154 152 151 149 144 143 142 140 139 137 137 136 131 122 121 121 112 103 96 95 95 93 86 83 78 70 60 30 3 0 0 0 0 0 0 0 0 0 0 6 14 21 24 31 30 41 84 93 105 115 118 125 131 124 58 99 92 81 67 55 0 0 0 0 0 0 0 0 0 0 0 0 0 0 0 0 0 0 0 0 0 0 0
 0 0 0 0 0 0 0 0 0 0 0 0 0 0 0 0 0 0 0 0 0 0 0 0 0 0 0 0 0 0 0 0 0 0 0 0 0 0 0 0 0 0 0 0 0 0 0 0 0 0 0 0 0 0 0 0 0 0 0 0 0 11 47 52 55 60 71 77 83 87 93 101 104 113 120 134 136 139 140 141 143 143 145 149 149 149 150 152 150 150 153 160 165 170 170 171 168 165 162 158 160 158 163 158 155 155 153 152 151 145 147 145 145 142 142 140 139 135 127 128 123 112 101 104 103 102 100 94 94 86 77 68 47 25 1 0 0 0 0 0 0 0 0 1 13 15 24 29 31 38 60 91 102 114 113 124 131 97 60 62 90 80 66 53 3 0 0 0 0 0 0 0 0 0 0 0 0 0 0 0 0 0 0 0 0 0 0 0
 0 0 0 0 0 0 0 0 0 0 0 0 0 0 0 0 0 0 0 0 0 0 0 0 0 0 0 0 0 0 0 0 0 0 0 0 0 0 0 0 0 0 0 0 0 0 0 0 0 0 0 0 0 0 0 0 0 0 0 0 11 37 53 58 61 68 81 84 88 94 98 107 118 132 133 135 140 141 140 143 145 147 150 150 150 151 151 152 152 152 162 167 169 172 173 170 165 164 164 160 160 159 161 159 157 156 155 154 152 149 149 148 147 146 145 142 141 137 134 130 123 111 107 110 113 111 107 105 103 96 86 75 55 44 16 0 0 0 0 0 0 0 0 8 14 20 30 32 36 55 82 102 110 111 120 130 99 47 63 100 80 67 52 3 0 0 0 0 0 0 0 0 0 0 0 0 0 0 0 0 0 0 0 0 0 0 0 0
 0 0 0 0 0 0 0 0 0 0 0 0 0 0 0 0 0 0 0 0 0 0 0 0 0 0 0 0 0 0 0 0 0 0 0 0 0 0 0 0 0 0 0 0 0 0 0 0 0 0 0 0 0 0 0 0 0 0 6 37 48 54 67 73 75 81 92 96 100 105 117 137 141 141 141 143 144 145 148 149 153 152 154 155 156 155 156 157 163 169 182 182 183 182 171 169 169 167 164 167 165 165 163 161 159 158 157 157 156 154 153 153 154 150 147 143 142 142 135 123 117 123 126 129 128 126 128 126 119 110 97 89 70 61 50 31 2 0 0 0 0 0 12 17 23 27 39 48 78 86 101 117 123 127 129 101 84 99 94 82 48 2 0 0 0 0 0 0 0 0 0 0 0 0 0 0 0 0 0 0 0 0 0 0 0 0 0 0
 0 0 0 0 0 0 0 0 0 0 0 0 0 0 0 0 0 0 0 0 0 0 0 0 0 0 0 0 0 0 0 0 0 0 0 0 0 0 0 0 0 0 0 0 0 0 0 0 0 0 0 0 0 0 0 0 0 3 34 48 55 61 73 79 81 88 99 102 112 129 137 141 142 144 145 144 147 149 150 152 154 155 156 156 157 157 160 167 170 181 185 186 185 177 174 170 169 168 165 170 167 167 165 164 164 162 160 158 158 154 157 157 155 151 148 146 145 142 129 124 128 132 135 135 135 138 137 133 127 114 101 95 76 67 56 46 26 5 0 0 0 9 15 21 27 32 58 75 87 99 111 125 130 132 101 50 85 82 78 65 1 0 0 0 0 0 0 0 0 0 0 0 1 0 0 0 0 0 0 0 0 0 0 0 0 0 0 0
 0 0 0 0 0 0 0 0 0 0 0 0 0 0 0 0 0 0 0 0 0 0 0 0 0 0 0 0 0 0 0 0 0 0 0 0 0 0 0 0 0 0 0 0 0 0 0 0 0 0 0 0 0 0 0 0 0 28 47 55 62 68 80 87 89 94 103 117 133 139 141 143 145 146 145 147 150 152 154 155 158 159 158 160 159 163 172 178 179 188 193 190 181 176 171 171 173 171 173 173 171 169 168 167 165 164 162 160 160 160 163 159 157 151 150 150 149 142 129 132 135 139 140 140 141 143 143 136 131 119 107 100 84 74 63 53 42 10 0 0 0 15 20 26 32 35 84 87 100 112 116 132 133 102 51 87 81 71 65 43 0 0 0 0 0 0 0 0 0 0 0 0 0 0 0 0 0 0 0 0 0 0 0 0 0 0 0 0
 0 0 0 0 0 0 0 0 0 0 0 0 0 0 0 0 0 0 0 0 0 0 0 0 0 0 0 0 0 0 0 0 0 0 0 0 0 0 0 0 0 0 0 0 0 0 0 0 0 0 0 0 0 0 0 0 0 45 54 61 68 74 87 90 95 100 125 135 139 141 143 146 146 146 146 149 152 157 157 157 159 161 160 161 163 177 184 193 190 194 192 181 179 175 172 172 174 175 176 174 173 170 170 168 166 165 164 163 162 164 163 160 157 154 154 150 146 138 137 141 142 144 144 145 149 149 146 141 132 122 112 106 88 79 70 60 51 11 0 0 3 18 25 32 34 52 90 96 111 119 125 134 103 49 90 99 73 58 38 0 0 0 0 0 0 0 0 0 0 0 0 0 0 0 0 0 0 0 0 0 0 0 0 0 0 0 0 0
 0 0 0 0 0 0 0 0 0 0 0 0 0 0 0 0 0 0 0 0 0 0 0 0 0 0 0 0 0 0 0 0 0 0 0 0 0 0 0 0 0 0 0 0 0 0 0 0 0 0 0 0 0 0 0 0 11 53 60 66 73 80 92 98 102 119 135 139 141 144 145 147 149 150 151 154 156 157 157 158 163 161 163 167 175 192 196 200 199 201 186 180 178 174 175 176 178 179 178 176 174 172 173 171 168 167 167 167 167 165 164 161 156 156 152 145 141 137 143 145 146 148 148 154 154 154 148 141 133 125 118 109 93 83 74 66 57 30 1 2 12 25 29 33 51 79 104 113 118 126 130 102 52 90 100 89 55 7 0 0 0 0 0 0 0 0 0 0 0 0 0 0 0 0 0 0 0 0 0 0 0 0 0 0 0 0 0 0
 0 0 0 0 0 0 0 0 0 0 0 0 0 0 0 0 0 0 0 0 0 0 0 0 0 0 0 0 0 0 0 0 0 0 0 0 0 0 0 0 0 0 0 0 0 0 0 0 0 0 0 0 0 0 0 15 45 62 68 74 82 88 111 126 129 135 141 143 146 145 146 150 152 155 156 157 158 160 164 161 164 168 179 190 197 198 200 205 199 192 185 183 179 180 183 182 182 183 180 178 177 175 171 173 170 170 171 173 172 167 164 159 157 153 145 140 141 146 150 153 153 154 159 160 159 156 149 143 139 133 126 118 99 92 82 76 66 43 18 16 20 31 38 64 84 98 118 120 131 132 125 67 103 95 80 64 0 0 0 0 0 0 0 0 0 0 0 0 0 0 0 0 0 0 0 0 0 0 0 0 0 0 0 0 0 0 0 0
 0 0 0 0 0 0 0 0 0 0 0 0 0 0 0 0 0 0 0 0 0 0 0 0 0 0 0 0 0 0 0 0 0 0 0 0 0 0 0 0 0 0 0 0 0 0 0 0 0 0 0 0 0 0 4 41 53 68 74 81 92 105 125 134 135 138 144 145 145 147 149 153 156 158 159 158 161 163 163 165 171 181 193 203 204 205 202 198 193 187 185 184 186 184 187 184 185 183 182 178 177 178 174 176 175 177 176 178 173 165 162 161 159 146 143 145 149 151 156 158 157 162 168 165 161 156 150 145 143 137 134 123 103 96 89 82 69 42 32 23 26 38 65 86 97 112 125 130 132 128 61 105 96 80 62 24 0 0 0 0 0 0 0 0 0 0 0 0 0 0 0 0 0 0 0 0 0 0 0 0 0 0 0 0 0 0 0 0
 0 0 0 0 0 0 0 0 0 0 0 0 0 0 0 0 0 0 0 0 0 0 0 0 0 0 0 0 0 0 0 0 0 0 0 0 0 0 0 0 0 0 0 0 0 0 0 0 0 0 0 0 0 0 34 51 60 75 88 100 109 119 131 135 139 142 145 146 147 149 151 156 158 159 160 161 161 162 164 167 188 197 202 208 209 204 195 193 189 185 187 188 190 188 189 190 188 189 186 178 177 178 177 177 182 182 179 177 172 167 164 162 156 148 150 151 154 156 160 160 166 170 171 167 160 156 151 146 143 140 137 125 107 100 96 84 61 43 40 31 32 64 87 99 111 119 131 132 123 59 73 95 79 61 20 0 0 0 0 0 0 0 0 0 0 0 0 0 0 0 0 0 0 0 0 0 0 0 0 0 0 0 0 0 0 0 0 0
 0 0 0 0 0 0 0 0 0 0 0 0 0 0 0 0 0 0 0 0 0 0 0 0 0 0 0 0 0 0 0 0 0 0 0 0 0 0 0 0 0 0 0 0 0 0 0 0 0 0 0 0 1 15 51 61 70 94 101 111 116 125 136 140 141 141 145 147 150 153 155 158 160 160 161 161 166 169 171 182 201 204 213 214 211 197 192 190 187 191 190 193 192 192 190 190 190 189 184 180 180 179 181 184 184 182 180 177 172 169 162 159 151 153 155 159 159 161 165 170 175 179 177 168 160 156 154 149 145 142 138 128 112 106 99 73 52 46 40 34 39 86 98 111 118 127 133 123 57 76 104 78 60 18 0 0 0 0 0 0 0 0 0 0 0 0 0 0 0 0 0 0 0 0 0 0 0 0 0 0 0 0 0 0 0 0 0 0
 0 0 0 0 0 0 0 0 0 0 0 0 0 0 0 0 0 0 0 0 0 0 0 0 0 0 0 0 0 0 0 0 0 0 0 0 0 0 0 0 0 0 0 0 0 0 0 0 0 0 0 0 20 43 60 70 80 100 108 117 123 129 138 140 141 144 148 152 153 155 157 163 163 162 163 167 168 175 188 199 212 215 218 212 200 198 191 191 190 196 194 197 199 198 196 193 192 189 189 184 185 184 187 191 186 185 179 178 174 166 159 151 151 159 162 166 167 168 173 181 180 183 180 165 160 158 155 152 148 141 138 133 117 109 86 57 49 45 36 39 63 99 112 119 125 131 86 55 80 102 92 58 12 0 0 0 0 0 0 0 0 0 0 0 0 0 0 0 0 0 0 0 0 0 0 0 0 0 0 0 0 0 0 0 0 0 0 0
 0 0 0 0 0 0 0 0 0 0 0 0 0 0 0 0 0 0 0 0 0 0 0 0 0 0 0 0 0 0 0 0 0 0 0 0 0 0 0 0 0 0 0 0 0 0 0 0 0 0 0 0 56 63 75 86 95 110 119 126 131 134 141 143 145 149 155 155 157 159 160 163 164 165 167 173 195 202 210 215 218 210 202 202 197 193 194 194 197 199 203 208 207 200 194 193 190 193 192 195 196 194 193 190 184 183 181 175 169 154 155 158 163 171 174 175 179 186 196 199 191 187 180 168 165 163 158 153 149 145 142 138 108 67 54 54 45 41 65 87 99 118 129 131 130 74 105 103 92 73 53 0 0 0 0 0 0 0 0 0 0 0 0 0 0 0 0 0 0 0 0 0 0 0 0 0 0 0 0 0 0 0 0 0 0 0 0 0
 0 0 0 0 0 0 0 0 0 0 0 0 0 0 0 0 0 0 0 0 0 0 0 0 0 0 0 0 0 0 0 0 0 0 0 0 0 0 0 0 0 0 0 0 0 0 0 0 0 0 0 5 64 70 81 92 101 115 120 126 134 136 144 147 148 150 156 157 158 161 161 167 165 173 179 192 207 214 220 220 204 208 203 202 200 193 198 200 202 205 203 203 203 200 197 196 192 192 193 196 198 196 193 189 184 183 176 169 162 156 160 166 171 177 178 186 192 199 199 200 190 183 179 169 167 163 160 153 151 148 144 139 73 56 56 46 37 66 90 101 116 126 131 126 68 68 98 90 72 50 5 0 0 0 0 0 0 0 0 0 0 0 0 0 0 0 0 0 0 0 0 0 0 0 0 0 0 0 0 0 0 0 0 0 0 0 0 0
 0 0 0 0 0 0 0 0 0 0 0 0 0 0 0 0 0 0 0 0 0 0 0 0 0 0 0 0 0 0 0 0 0 0 0 0 0 0 0 0 0 0 0 0 0 0 0 0 0 0 0 29 71 76 88 97 105 119 125 131 137 140 149 150 151 152 156 159 160 160 163 170 180 187 193 198 217 219 216 210 204 202 200 200 201 203 206 208 207 212 201 202 198 198 199 195 195 196 201 205 203 194 195 188 182 177 172 160 156 164 169 176 178 184 194 203 207 211 206 196 189 185 181 170 169 165 161 155 153 150 145 126 59 57 47 38 53 91 103 116 121 130 122 62 71 102 79 69 46 3 0 0 0 0 0 0 0 0 0 0 0 0 0 0 0 0 0 0 0 0 0 0 0 0 0 0 0 0 0 0 0 0 0 0 0 0 0 0
 0 0 0 0 0 0 0 0 0 0 0 0 0 0 0 0 0 0 0 0 0 0 0 0 0 0 0 0 0 0 0 0 0 0 0 0 0 0 0 0 0 0 0 0 0 0 0 0 0 0 3 49 78 82 93 99 108 122 128 136 140 145 151 154 154 157 160 159 160 162 166 182 191 198 201 202 219 212 205 206 208 201 202 202 202 220 220 212 206 206 205 194 190 193 197 198 201 202 204 201 196 193 190 189 175 171 161 158 161 173 179 183 184 201 210 216 217 216 202 193 187 187 183 171 170 166 160 157 155 152 130 80 59 48 38 55 85 106 118 123 130 119 58 77 103 93 58 39 0 0 0 0 0 0 0 0 0 0 0 0 0 0 0 0 0 0 0 0 0 0 0 0 0 0 0 0 0 0 0 0 0 0 0 0 0 0 0 0
 0 0 0 0 0 0 0 0 0 0 0 0 0 0 0 0 0 0 0 0 0 0 0 0 0 0 0 0 0 0 0 0 0 0 0 0 0 0 0 0 0 0 0 0 0 0 0 0 0 1 48 68 89 95 103 111 120 136 141 143 144 146 154 159 157 157 162 166 174 182 189 208 213 218 220 213 210 227 229 223 209 203 204 208 207 216 216 211 211 210 204 203 200 202 208 209 213 209 207 200 194 194 182 175 161 163 166 176 181 190 193 200 212 223 224 223 222 216 202 196 193 189 184 175 170 166 162 159 139 83 62 61 39 59 88 102 116 123 135 137 123 94 101 91 72 50 0 0 0 0 0 0 0 0 0 0 0 0 0 0 0 0 0 0 0 0 0 0 0 0 0 0 0 0 0 0 0 0 0 0 0 0 0 0 0 0 0 0
 0 0 0 0 0 0 0 0 0 0 0 0 0 0 0 0 0 0 0 0 0 0 0 0 0 0 0 0 0 0 0 0 0 0 0 0 0 0 0 0 0 0 0 0 0 0 0 0 0 14 62 76 97 101 109 120 129 139 142 144 148 149 155 158 157 158 167 174 182 190 198 212 217 209 204 203 224 224 218 218 208 206 212 214 211 210 212 208 211 212 205 204 207 208 215 218 214 206 203 196 188 181 176 165 167 171 178 186 190 197 207 221 224 226 226 224 219 208 200 199 196 192 185 174 169 167 160 135 82 63 62 46 63 90 104 117 123 135 139 120 90 106 87 70 44 1 0 0 0 0 0 0 0 0 0 0 0 0 0 0 0 0 0 0 0 0 0 0 0 0 0 0 0 0 0 0 0 0 0 0 0 0 0 0 0 0 0 0
 0 0 0 0 0 0 0 0 0 0 0 0 0 0 0 0 0 0 0 0 0 0 0 0 0 0 0 0 0 0 0 0 0 0 0 0 0 0 0 0 0 0 0 0 0 0 0 0 0 39 72 85 104 109 118 125 133 141 144 146 149 151 154 157 157 162 177 187 199 200 211 216 207 221 221 211 224 223 218 208 213 216 216 211 208 212 210 207 206 209 212 210 210 216 215 214 211 207 200 190 184 176 165 166 176 181 187 195 200 213 222 225 227 227 225 218 214 210 210 203 196 191 188 175 172 170 159 82 63 62 43 42 90 104 118 123 132 138 120 98 119 92 67 36 1 0 0 0 0 0 0 0 0 0 0 0 0 0 0 0 0 0 0 0 0 0 0 0 0 0 0 0 0 0 0 0 0 0 0 0 0 0 0 0 0 0 0 0
 0 0 0 0 0 0 0 0 0 0 0 0 0 0 0 0 0 0 0 0 0 0 0 0 0 0 0 0 0 0 0 0 0 0 0 0 0 0 0 0 0 0 0 0 0 0 0 0 0 50 75 88 106 110 122 128 132 141 144 147 149 152 154 156 159 166 182 188 199 202 212 207 202 223 229 221 231 224 222 213 219 218 215 208 215 207 210 208 207 208 209 215 213 217 214 212 207 202 201 186 180 168 166 171 182 185 191 196 197 219 225 227 228 227 223 214 215 210 214 203 199 191 186 175 174 168 138 68 65 53 39 52 99 116 121 128 137 135 105 115 122 83 54 8 0 0 0 0 0 0 0 0 0 0 0 0 0 0 0 0 0 0 0 0 0 0 0 0 0 0 0 0 0 0 0 0 0 0 0 0 0 0 0 0 0 0 0 0
 0 0 0 0 0 0 0 0 0 0 0 0 0 0 0 0 0 0 0 0 0 0 0 0 0 0 0 0 0 0 0 0 0 0 0 0 0 0 0 0 0 0 0 0 0 0 0 0 9 64 81 93 112 117 125 129 137 143 145 148 149 153 160 164 169 179 194 200 206 208 208 201 211 224 223 221 227 228 234 224 221 217 215 214 216 211 214 213 214 215 213 219 218 215 207 204 204 209 197 178 169 168 174 181 194 196 198 204 209 227 229 231 230 225 220 217 213 214 216 204 200 195 186 175 170 135 80 64 51 40 56 86 114 121 129 137 139 110 121 129 111 63 12 0 0 0 0 0 0 0 0 0 0 0 0 0 0 0 0 0 0 0 0 0 0 0 0 0 0 0 0 0 0 0 0 0 0 0 0 0 0 0 0 0 0 0 0 0
 0 0 0 0 0 0 0 0 0 0 0 0 0 0 0 0 0 0 0 0 0 0 0 0 0 0 0 0 0 0 0 0 0 0 0 0 0 0 0 0 0 0 0 0 0 0 0 0 51 76 90 100 119 121 127 132 138 145 148 152 155 164 179 183 182 191 199 199 196 199 192 222 219 222 223 219 222 221 217 212 215 216 213 214 210 212 210 215 214 217 219 220 214 209 205 205 197 188 176 173 181 189 195 202 210 214 220 226 231 235 234 229 228 225 222 222 222 223 207 201 193 188 185 127 77 68 56 42 67 92 106 121 135 138 138 125 128 128 111 96 79 51 20 0 0 0 0 0 0 0 0 0 0 0 0 0 0 0 0 0 0 0 0 0 0 0 0 0 0 0 0 0 0 0 0 0 0 0 0 0 0 0 0 0 0 0 0 0
 0 0 0 0 0 0 0 0 0 0 0 0 0 0 0 0 0 0 0 0 0 0 0 0 0 0 0 0 0 0 0 0 0 0 0 0 0 0 0 0 0 0 0 0 0 0 0 6 60 78 91 99 118 121 128 135 139 147 153 158 165 170 184 186 189 197 195 193 192 192 198 224 221 223 219 217 214 214 215 216 215 216 211 212 213 215 216 218 219 221 219 214 210 205 197 193 185 179 168 183 193 201 207 213 205 222 230 233 233 234 230 230 227 227 224 220 219 220 208 200 194 188 170 75 69 53 40 71 94 109 122 128 139 139 127 132 132 111 98 88 75 54 25 0 0 0 0 0 0 0 0 0 0 0 0 0 0 0 0 0 0 0 0 0 0 0 0 0 0 0 0 0 0 0 0 0 0 0 0 0 0 0 0 0 0 0 0 0
 0 0 0 0 0 0 0 0 0 0 0 0 0 0 0 0 0 0 0 0 0 0 0 0 0 0 0 0 0 0 0 0 0 0 0 0 0 0 0 0 0 0 0 0 0 0 0 23 68 82 94 101 120 126 132 138 143 154 159 165 172 176 189 195 193 194 191 190 191 192 196 230 227 237 226 219 210 212 214 217 215 215 212 213 216 220 221 222 222 223 214 210 216 209 190 184 180 181 181 200 201 212 216 220 230 233 235 237 237 234 231 228 229 228 225 222 223 219 208 199 193 169 112 68 50 40 62 98 114 125 128 135 138 132 136 132 119 105 97 87 77 57 32 0 0 0 0 0 0 0 0 0 0 0 0 0 0 0 0 0 0 0 0 0 0 0 0 0 0 0 0 0 0 0 0 0 0 0 0 0 0 0 0 0 0 0 0 0
 0 0 0 0 0 0 0 0 0 0 0 0 0 0 0 0 0 0 0 0 0 0 0 0 0 0 0 0 0 0 0 0 0 0 0 0 0 0 0 0 0 0 0 0 0 0 0 43 71 87 98 109 123 128 136 142 148 159 165 172 176 180 186 189 187 188 188 188 197 193 189 212 212 218 218 214 212 211 214 217 213 212 216 218 218 223 223 221 220 219 217 216 201 192 175 174 182 186 192 206 217 215 221 228 235 237 239 237 235 231 227 228 231 226 225 224 223 217 200 198 164 104 73 46 43 69 93 115 124 132 137 142 134 137 131 113 110 106 99 88 80 58 33 0 0 0 0 0 0 0 0 0 0 0 0 0 0 0 0 0 0 0 0 0 0 0 0 0 0 0 0 0 0 0 0 0 0 0 0 0 0 0 0 0 0 0 0 0
 0 0 0 0 0 0 0 0 0 0 0 0 0 0 0 0 0 0 0 0 0 0 0 0 0 0 0 0 0 0 0 0 0 0 0 0 0 0 0 0 0 0 0 0 0 0 0 55 76 88 100 110 130 136 143 145 152 163 169 173 176 178 181 183 184 184 189 190 196 204 210 205 203 209 209 212 210 208 208 215 216 218 219 217 220 224 221 222 201 213 216 202 190 180 176 181 184 192 201 216 218 224 230 234 239 239 240 234 233 228 229 230 230 224 222 221 218 212 195 156 98 74 65 46 75 98 113 125 133 139 141 138 137 132 113 107 118 108 99 93 84 58 37 0 0 0 0 0 0 0 0 0 0 0 0 0 0 0 0 0 0 0 0 0 0 0 0 0 0 0 0 0 0 0 0 0 0 0 0 0 0 0 0 0 0 0 0 0
 0 0 0 0 0 0 0 0 0 0 0 0 0 0 0 0 0 0 0 0 0 0 0 0 0 0 0 0 0 0 0 0 0 0 0 0 0 0 0 0 0 0 0 0 0 0 0 71 89 103 115 129 143 145 150 156 160 169 169 171 172 175 179 183 186 190 195 194 196 202 201 204 204 205 210 210 209 214 212 218 220 222 222 224 221 219 212 215 211 199 187 177 174 178 198 205 212 217 221 230 234 240 239 243 237 236 234 232 234 234 231 230 228 223 218 217 213 193 85 77 57 40 56 103 118 125 131 140 144 143 139 137 112 121 133 131 120 111 106 99 89 59 38 0 0 0 0 0 0 0 0 0 0 0 0 0 0 0 0 0 0 0 0 0 0 0 0 0 0 0 0 0 0 0 0 0 0 0 0 0 0 0 0 0 0 0 0 0
 0 0 0 0 0 0 0 0 0 0 0 0 0 0 0 0 0 0 0 0 0 0 0 0 0 0 0 0 0 0 0 0 0 0 0 0 0 0 0 0 0 0 0 0 0 0 0 79 95 107 122 134 145 149 153 157 160 168 166 168 173 176 181 187 192 193 193 193 199 200 199 204 207 210 211 211 214 216 216 221 223 223 224 223 220 212 211 211 201 196 180 180 184 202 215 216 220 226 226 238 243 248 250 246 236 235 233 235 234 233 230 228 227 222 218 212 190 129 75 50 41 64 91 119 127 135 141 147 142 138 135 121 130 139 136 133 124 119 110 102 87 57 39 1 0 0 0 0 0 0 0 0 0 0 0 0 0 0 0 0 0 0 0 0 0 0 0 0 0 0 0 0 0 0 0 0 0 0 0 0 0 0 0 0 0 0 0 0
 0 0 0 0 0 0 0 0 0 0 0 0 0 0 0 0 0 0 0 0 0 0 0 0 0 0 0 0 0 0 0 0 0 0 0 0 0 0 0 0 0 0 0 0 0 0 0 81 99 110 123 135 146 149 152 156 159 163 167 168 170 176 182 183 184 191 192 194 195 197 202 207 204 206 208 213 218 217 218 222 223 221 218 217 214 216 206 200 190 177 182 191 199 206 221 223 226 230 237 247 250 248 244 241 235 234 235 236 236 234 228 227 227 221 201 146 115 82 47 44 70 94 110 131 136 142 145 141 139 134 118 117 141 140 136 131 128 119 114 101 85 58 38 0 0 0 0 0 0 0 0 0 0 0 0 0 0 0 0 0 0 0 0 0 0 0 0 0 0 0 0 0 0 0 0 0 0 0 0 0 0 0 0 0 0 0 0 0
 0 0 0 0 0 0 0 0 0 0 0 0 0 0 0 0 0 0 0 0 0 0 0 0 0 0 0 0 0 0 0 0 0 0 0 0 0 0 0 0 0 0 0 0 0 0 0 85 101 114 123 131 146 149 151 156 157 165 170 172 175 179 183 187 187 187 197 196 199 201 204 203 207 204 207 212 218 222 222 219 222 219 218 214 213 203 197 187 176 177 201 207 213 217 226 228 234 241 243 251 254 250 246 243 236 238 239 238 235 231 231 227 226 196 132 85 78 65 48 78 98 115 124 137 142 149 144 140 132 117 126 142 145 141 138 136 135 123 114 96 85 58 36 0 0 0 0 0 0 0 0 0 0 0 0 0 0 0 0 0 0 0 0 0 0 0 0 0 0 0 0 0 0 0 0 0 0 0 0 0 0 0 0 0 0 0 0 0
 0 0 0 0 0 0 0 0 0 0 0 0 0 0 0 0 0 0 0 0 0 0 0 0 0 0 0 0 0 0 0 0 0 0 0 0 0 0 0 0 0 0 0 0 0 0 1 89 103 115 121 129 147 150 154 156 159 170 175 175 179 182 183 184 187 190 192 194 196 194 198 206 211 213 217 219 220 217 219 218 212 212 201 199 189 178 176 184 195 207 219 223 226 229 241 242 247 253 254 248 249 246 238 239 243 242 238 234 231 227 226 219 165 78 64 43 42 62 108 121 123 137 139 151 143 141 132 119 143 149 150 152 145 144 144 141 137 121 107 93 82 57 28 0 0 0 0 0 0 0 0 0 0 0 0 0 0 0 0 0 0 0 0 0 0 0 0 0 0 0 0 0 0 0 0 0 0 0 0 0 0 0 0 0 0 0 0 0
 0 0 0 0 0 0 0 0 0 0 0 0 0 0 0 0 0 0 0 1 0 0 0 0 0 0 0 0 0 0 0 0 0 0 0 0 0 0 0 0 0 0 0 0 0 0 1 89 104 118 122 131 149 151 154 156 158 169 172 174 179 179 183 183 184 190 192 195 196 197 199 205 212 216 218 219 219 217 217 213 217 208 204 195 179 175 182 197 205 213 222 226 227 234 245 247 251 252 251 251 246 244 238 244 244 241 236 232 231 227 224 188 124 71 48 43 51 82 117 122 133 137 143 146 141 138 123 136 149 151 153 150 145 147 144 142 138 119 105 93 83 57 27 0 0 0 0 0 0 0 0 0 0 0 0 0 0 0 0 0 0 0 0 0 0 0 0 0 0 0 0 0 0 0 0 0 0 0 0 0 0 0 0 0 0 0 0 0
 0 0 0 0 0 0 0 0 0 0 0 0 0 0 0 0 0 0 0 0 0 0 0 0 0 0 0 0 0 0 0 0 0 0 0 0 0 0 0 0 0 0 0 0 0 0 4 91 106 121 130 139 149 151 153 157 160 169 171 173 175 178 182 187 185 189 192 193 198 200 202 208 215 219 220 220 214 212 212 209 206 201 190 177 174 189 202 210 214 222 226 231 237 247 253 253 254 253 249 247 247 241 242 244 240 238 235 233 231 223 173 108 80 44 47 76 88 104 126 136 140 146 153 141 135 121 131 153 153 156 155 151 150 149 147 142 134 112 101 94 83 56 20 0 0 0 0 0 0 0 0 0 0 0 0 0 0 0 0 0 0 0 0 0 0 0 0 0 0 0 0 0 0 0 0 0 0 0 0 0 0 0 0 0 0 0 0 0
 0 0 0 0 0 0 0 0 0 0 0 0 0 0 0 0 0 0 0 0 0 0 0 0 0 0 0 0 0 0 0 0 0 0 0 0 0 0 0 0 0 0 0 0 0 0 5 93 106 123 134 139 153 152 154 158 160 167 169 171 173 175 178 184 182 187 188 193 199 201 200 214 216 219 219 214 209 210 213 209 196 182 179 176 188 202 213 217 222 225 233 242 246 250 254 253 250 249 244 248 248 240 244 244 238 235 234 233 228 153 94 78 60 53 84 102 111 122 138 141 150 153 143 130 119 142 154 156 159 157 152 152 151 149 146 141 133 111 103 94 83 54 13 0 0 0 0 0 0 0 0 0 0 0 0 0 0 0 0 0 0 0 0 0 0 0 0 0 0 0 0 0 0 0 0 0 0 0 0 0 0 0 0 0 0 0 0 0
 0 0 0 0 0 0 0 0 0 0 0 0 0 0 0 0 0 0 0 0 0 0 0 0 0 0 0 0 0 0 0 0 0 0 0 0 0 0 0 0 0 0 0 0 0 0 7 96 108 124 133 140 151 152 153 157 158 165 166 171 172 174 180 184 183 187 194 196 201 204 208 211 215 213 213 205 216 210 202 198 176 173 183 192 201 216 218 222 224 230 246 248 254 255 252 251 249 249 245 249 246 242 243 240 235 235 232 229 204 86 75 51 41 90 106 119 123 132 145 155 151 141 139 123 150 158 159 161 160 155 156 156 153 151 146 137 124 111 102 93 82 51 8 0 0 0 0 0 0 0 0 0 0 0 0 0 0 0 0 0 0 0 0 0 0 0 0 0 0 0 0 0 0 0 0 0 0 0 0 0 0 0 0 0 0 0 0 0
 0 0 0 0 0 0 0 0 0 0 0 0 0 0 0 0 0 0 0 0 0 0 0 0 0 0 0 0 0 0 0 0 0 0 0 0 0 0 0 0 0 0 0 0 0 0 7 92 106 122 128 135 144 146 150 155 156 161 164 169 171 172 177 182 185 190 196 203 206 206 211 203 203 206 205 196 197 183 174 171 194 203 212 215 219 226 229 235 243 248 255 255 251 250 248 249 247 248 245 245 244 241 240 235 229 223 161 99 79 40 49 81 99 123 132 138 141 150 145 140 133 124 144 160 163 165 167 159 162 163 161 160 153 145 139 131 124 109 102 94 79 42 1 0 0 0 0 0 0 0 0 0 0 0 0 0 0 0 0 0 0 0 0 0 0 0 0 0 0 0 0 0 0 0 0 0 0 0 0 0 0 0 0 0 0 0 0 0
 0 0 0 0 0 0 0 0 0 0 0 0 0 0 0 0 0 0 0 0 0 0 0 0 0 0 0 0 0 0 0 0 0 0 0 0 0 0 0 0 0 0 0 0 0 0 6 90 103 114 126 132 144 145 149 153 156 162 163 167 171 173 179 184 187 193 198 202 204 204 200 206 203 196 197 195 176 170 174 189 208 215 221 222 223 232 238 245 250 255 253 254 252 249 251 250 246 248 247 247 241 238 235 232 172 139 88 79 52 59 87 104 118 135 141 148 155 155 139 130 123 152 164 164 169 167 164 164 166 165 163 160 149 141 134 135 123 111 102 89 77 32 0 0 0 0 0 0 0 0 0 0 0 0 0 0 0 0 0 0 0 0 0 0 0 0 0 0 0 0 0 0 0 0 0 0 0 0 0 0 0 0 0 0 0 0 0 0
 0 0 0 0 0 0 0 0 0 0 0 0 0 0 0 0 0 0 0 0 0 0 0 0 0 0 0 0 0 0 0 0 0 0 0 0 0 0 0 0 0 0 0 0 0 0 4 86 101 112 123 131 142 145 148 152 156 160 164 166 170 175 181 186 187 197 196 198 197 193 194 198 197 192 187 173 175 182 196 201 216 220 223 229 232 244 248 252 255 254 248 246 250 247 251 251 252 254 242 239 238 234 234 218 94 84 70 44 43 94 108 120 130 143 153 158 150 142 125 132 157 166 165 171 170 166 165 168 167 166 162 159 146 141 138 130 122 112 101 87 72 19 0 0 0 0 0 0 0 0 0 0 0 0 0 0 0 0 0 0 0 0 0 0 0 0 0 0 0 0 0 0 0 0 0 0 0 0 0 0 0 0 0 0 0 0 0 0
 0 0 0 0 0 0 0 0 0 0 0 0 0 0 0 0 0 0 0 0 0 0 0 0 0 0 0 0 0 0 0 0 0 0 0 0 0 0 0 0 0 0 0 0 0 0 2 85 99 110 121 131 142 143 149 151 156 161 165 169 173 177 184 188 186 189 194 190 190 193 198 195 180 171 167 168 193 199 206 213 222 226 229 238 242 251 255 254 253 252 248 247 250 252 252 250 249 250 241 238 236 231 198 127 74 60 41 50 81 114 123 133 139 157 155 142 141 136 143 163 166 168 170 169 167 169 171 171 169 164 159 154 145 141 136 131 125 108 97 85 70 8 0 0 0 0 0 0 0 0 0 0 0 0 0 0 0 0 0 0 0 0 0 0 0 0 0 0 0 0 0 0 0 0 0 0 0 0 0 0 0 0 0 0 0 0 0 0
 0 0 0 0 0 0 0 0 0 0 0 0 0 0 0 0 0 0 0 0 0 0 0 0 0 0 0 0 0 0 0 0 0 0 0 0 0 0 0 0 0 0 0 0 0 0 0 84 97 110 121 131 142 144 148 152 156 161 167 169 172 178 182 185 186 185 188 191 191 193 192 170 169 170 175 183 199 208 214 221 226 233 237 247 252 254 251 251 246 248 247 250 249 252 250 247 246 242 240 238 233 168 107 82 42 41 60 88 105 126 136 140 148 149 141 138 133 125 168 168 169 173 174 170 171 174 175 170 169 162 157 151 145 140 136 132 123 105 92 81 68 1 0 0 0 0 0 0 0 0 0 0 0 0 0 0 0 0 0 0 0 0 0 0 0 0 0 0 0 0 0 0 0 0 0 0 0 0 0 0 0 0 0 0 0 0 0 0
 0 0 0 0 0 0 0 0 0 0 0 0 0 0 0 0 0 0 0 0 0 0 0 0 0 0 0 0 0 0 0 0 0 0 0 0 0 0 0 0 0 0 0 0 0 0 0 82 97 106 119 127 143 145 147 152 156 164 168 172 171 173 173 180 187 189 186 181 174 166 164 177 189 192 196 208 218 221 227 233 245 248 253 254 253 252 249 240 244 245 255 255 255 254 240 242 239 240 239 120 84 71 45 41 92 100 116 125 132 144 160 156 141 133 145 160 169 171 177 179 177 175 173 178 179 176 177 167 162 155 152 150 142 140 136 130 115 99 89 75 57 0 0 0 0 0 0 0 0 0 0 0 0 0 0 0 0 0 0 0 0 0 0 0 0 0 0 0 0 0 0 0 0 0 1 76 4 0 0 0 0 0 0 0 0 0 0 0
 0 0 0 0 0 0 0 0 0 0 0 0 0 0 0 0 0 0 0 0 0 0 0 0 0 0 0 0 0 0 0 0 0 0 0 0 0 0 0 0 0 0 0 0 0 0 0 82 97 107 119 130 143 145 149 154 157 164 166 168 170 172 182 183 184 183 172 165 161 166 175 192 196 204 212 216 225 229 236 243 251 250 252 249 250 246 247 245 246 251 255 255 252 248 242 239 239 227 160 82 60 40 49 79 114 120 126 136 141 163 149 142 137 141 168 175 175 175 181 182 177 175 179 179 181 181 174 161 156 156 153 148 144 142 136 122 113 96 86 71 49 0 0 0 0 0 0 0 0 0 0 0 0 0 0 0 0 0 0 0 0 0 0 0 0 0 0 0 0 0 0 0 0 0 0 0 0 0 0 0 0 0 0 0 0 0 0 0
 0 0 0 0 0 0 0 0 0 0 0 0 0 0 0 0 0 0 0 0 0 0 0 0 0 0 0 0 0 0 0 0 0 0 0 0 0 0 0 0 0 0 0 0 0 0 2 81 97 107 119 129 143 145 150 153 156 160 162 164 166 172 178 174 174 171 160 161 172 179 187 194 211 215 215 221 231 241 244 247 249 252 247 244 243 247 245 244 251 255 255 249 244 242 237 235 202 134 89 49 39 59 88 103 124 127 137 142 155 145 141 134 125 173 175 174 175 181 182 177 177 181 183 183 183 175 170 158 158 156 152 148 145 139 131 121 109 95 81 64 34 0 0 0 0 0 0 0 0 0 0 0 0 0 0 0 0 0 0 0 0 0 0 0 0 0 0 0 0 0 0 0 0 0 0 0 0 0 0 0 0 0 0 0 0 0 0 0
 0 0 0 0 0 0 0 0 0 0 0 0 0 0 0 0 0 0 0 0 0 0 0 0 0 0 0 0 0 0 0 0 0 0 0 0 0 0 0 0 0 0 0 0 0 0 21 80 96 107 117 129 143 147 149 153 155 160 161 165 170 173 175 171 170 164 162 168 175 184 190 202 214 219 220 226 233 242 246 252 251 249 247 246 243 246 243 246 252 255 255 249 242 241 233 219 152 110 82 39 50 80 99 113 127 133 140 149 164 141 136 128 142 176 176 178 177 180 183 179 184 185 182 184 179 173 167 158 157 154 151 148 145 137 131 119 108 91 78 60 23 0 0 0 0 0 0 0 0 0 0 0 0 0 0 0 0 0 0 0 0 0 0 0 0 0 0 0 0 0 0 0 0 0 0 0 0 0 0 0 0 0 0 0 0 0 0 0
 0 0 0 0 0 0 0 0 0 0 0 0 0 0 0 0 0 0 0 0 0 0 0 0 0 0 0 0 0 0 0 0 0 0 0 0 0 0 0 0 0 0 0 1 39 70 90 79 91 103 117 125 139 141 146 152 154 164 164 163 162 160 156 159 162 170 181 188 197 201 208 217 228 234 235 240 245 246 249 244 242 244 247 252 248 243 249 248 245 252 243 239 232 184 86 82 59 50 47 97 113 124 122 134 154 164 155 142 140 133 166 177 180 187 187 187 187 185 190 190 189 190 191 173 168 164 164 157 156 154 153 151 139 131 120 111 99 79 64 38 0 0 0 0 0 0 0 0 0 0 0 0 0 0 0 0 0 0 0 0 0 0 0 0 0 0 0 0 0 0 0 0 0 0 0 0 0 0 0 0 0 0 0 0 0 0 0 0
 0 0 0 0 0 0 0 0 0 0 0 0 0 0 0 0 0 0 0 0 0 0 0 0 0 0 0 0 0 0 0 0 0 0 0 0 0 0 0 0 0 0 0 48 73 92 106 74 91 102 113 123 140 143 147 152 152 157 155 151 150 151 161 167 170 178 185 192 200 203 212 230 234 238 240 243 242 240 237 238 248 251 249 245 244 243 244 244 248 251 233 216 147 95 60 47 39 56 87 116 121 124 136 144 158 149 141 136 123 173 181 179 181 189 186 183 183 189 191 187 191 190 186 168 165 165 160 157 156 155 152 148 136 126 118 107 95 72 56 14 0 0 0 0 0 0 0 0 0 0 0 0 0 0 0 0 0 0 0 0 0 0 0 0 0 0 0 0 0 0 0 0 0 0 0 0 0 0 0 0 0 0 0 0 0 0 0 0
 0 0 0 0 0 0 0 0 0 0 0 0 0 0 0 0 0 0 0 0 0 0 0 0 0 0 0 0 0 0 0 0 0 0 0 0 0 0 0 0 0 0 30 75 94 105 84 84 92 105 115 129 143 145 145 150 148 146 146 148 153 158 167 173 177 182 193 201 211 222 226 235 237 239 242 242 236 236 240 239 239 240 239 242 245 244 240 238 254 242 178 118 81 72 40 45 70 93 108 119 125 140 150 169 143 141 131 128 159 182 181 184 189 186 185 191 193 193 190 194 193 182 176 167 164 162 159 158 157 155 150 145 133 121 113 102 87 66 44 1 0 0 0 0 0 0 0 0 0 0 0 0 0 0 0 0 0 0 0 0 0 0 0 0 0 0 0 0 0 0 0 0 0 0 0 0 0 0 0 0 0 0 0 0 0 0 0 0
 0 0 0 0 0 0 0 0 0 0 0 0 0 0 0 0 0 0 0 0 0 0 0 0 0 0 0 0 0 0 0 0 0 0 0 0 0 0 0 0 0 38 68 96 104 78 59 113 87 102 116 127 136 137 139 141 141 144 149 155 160 164 174 180 183 189 201 216 223 230 233 239 238 240 241 235 236 237 242 242 242 239 240 243 240 239 237 239 239 211 93 78 59 39 68 84 100 116 121 129 141 160 163 144 132 125 136 171 179 181 186 190 186 184 189 194 195 193 196 190 184 176 169 166 162 160 159 158 155 150 148 141 126 117 108 95 82 58 20 0 0 0 0 0 0 0 0 0 0 0 0 0 0 0 0 0 0 0 0 0 0 0 0 0 0 0 0 0 0 0 0 0 0 0 0 0 0 0 0 0 0 0 0 0 0 0 0 0
 0 0 0 0 0 0 0 0 0 0 0 0 0 0 0 0 0 0 0 0 0 0 0 0 0 0 0 0 0 0 0 0 0 0 0 0 0 0 0 2 45 71 89 104 70 65 123 115 82 94 102 112 124 125 131 137 143 151 154 158 163 172 179 183 187 194 220 226 230 233 234 238 235 234 233 233 237 237 239 238 240 239 237 236 235 235 234 228 175 113 71 47 39 52 98 106 120 123 123 148 166 155 143 140 135 153 179 182 185 190 191 187 185 186 191 188 189 192 195 186 174 170 170 163 164 161 161 157 152 149 145 141 123 116 100 92 75 45 2 0 0 0 0 0 0 0 0 0 0 0 0 0 0 0 0 0 0 0 0 0 0 0 0 0 0 0 0 0 0 0 0 0 0 0 0 0 0 0 0 0 0 0 0 0 0 0 0 0
 0 0 0 0 0 0 0 0 0 0 0 0 0 0 0 0 0 0 0 0 0 0 0 0 0 0 0 0 0 0 0 0 0 0 0 0 0 0 55 76 93 104 85 76 127 124 111 112 95 86 99 112 131 134 141 146 151 159 163 165 171 176 197 210 214 222 227 230 230 230 229 228 232 233 233 233 237 237 236 236 234 232 232 228 227 162 108 81 69 46 51 80 99 111 124 128 135 144 162 143 141 130 130 163 184 186 184 190 197 186 183 192 195 197 197 195 192 183 174 177 173 168 165 165 166 161 158 152 149 145 139 131 112 102 91 75 56 1 0 0 0 0 0 0 0 0 0 0 0 0 0 0 0 0 0 0 0 0 0 0 0 0 0 0 0 0 0 0 0 0 0 0 0 0 0 0 0 0 0 0 0 0 0 0 0 0 0 0
 0 0 0 0 0 0 0 0 0 0 0 0 0 0 0 0 0 0 0 0 0 0 0 0 0 0 0 0 0 0 0 0 0 0 0 0 0 11 76 94 105 79 57 128 129 118 115 99 86 82 99 111 134 138 145 150 153 160 164 171 179 191 213 220 223 226 228 228 227 226 225 230 232 233 233 234 238 234 233 233 231 231 229 211 153 87 76 56 39 42 92 106 115 120 135 139 151 165 149 139 128 140 174 185 185 187 193 197 192 190 196 203 201 202 203 192 186 177 177 174 168 166 167 167 163 158 154 151 144 140 135 129 107 97 82 63 39 0 0 0 0 0 0 0 0 0 0 0 0 0 0 0 0 0 0 0 0 0 0 0 0 0 0 0 0 0 0 0 0 0 0 0 0 0 0 0 0 0 0 0 0 0 0 0 0 0 0 0
 0 0 0 0 0 0 0 0 0 0 0 0 0 0 0 0 0 0 0 0 0 0 0 0 0 0 0 0 0 0 0 0 0 0 0 0 16 60 95 103 74 59 120 131 125 118 108 85 62 57 96 111 136 139 144 147 154 163 170 181 192 198 216 219 223 224 222 223 223 224 226 231 232 230 232 232 231 231 230 229 227 220 175 117 83 66 44 39 51 80 111 118 122 133 150 159 158 143 141 127 155 181 183 187 195 198 196 191 191 197 198 203 206 204 199 186 180 173 174 171 169 167 169 163 158 155 152 147 140 139 134 118 99 86 70 50 8 0 0 0 0 0 0 0 0 0 0 0 0 0 0 0 0 0 0 0 0 0 0 0 0 0 0 0 0 0 0 0 0 0 0 0 0 0 0 0 0 0 0 0 0 0 0 0 0 0 0 0
 0 0 0 0 0 0 0 0 0 0 0 0 0 0 0 0 0 0 0 0 0 0 0 0 0 0 0 0 0 0 0 0 0 0 0 21 63 79 103 70 62 125 131 124 117 109 96 61 37 36 84 105 132 138 144 151 158 171 182 187 195 199 208 209 212 216 215 218 219 223 226 228 228 228 227 229 227 227 227 226 190 136 91 79 63 38 43 67 91 104 117 128 136 144 158 150 142 139 127 169 182 184 183 190 195 195 194 197 201 198 200 207 209 196 188 179 176 172 170 171 172 171 170 161 158 154 151 142 139 135 123 115 91 75 57 27 0 0 0 0 0 0 0 0 0 0 0 0 0 0 0 0 0 0 0 0 0 0 0 0 0 0 0 0 0 0 0 0 0 0 0 0 0 0 0 0 0 0 0 0 0 0 0 0 0 0 0 0
 0 0 0 0 0 0 0 0 0 0 0 0 0 0 0 0 0 0 0 0 0 0 0 0 0 0 0 0 0 0 0 0 0 0 26 63 81 95 65 64 126 132 129 117 109 96 85 38 30 24 67 106 137 141 150 157 162 175 181 185 194 200 198 202 203 207 214 217 222 223 223 228 229 227 227 225 225 225 223 208 103 82 73 49 38 53 80 99 110 119 131 139 148 165 141 140 135 124 149 183 185 188 194 199 196 197 200 204 204 199 205 207 198 184 180 177 175 170 168 171 174 174 167 157 155 151 147 142 138 127 120 107 79 62 43 2 0 0 0 0 0 0 0 0 0 0 0 0 0 0 0 0 0 0 0 0 0 0 0 0 0 0 0 0 0 0 0 0 0 0 0 0 0 0 0 0 0 0 0 0 0 0 0 0 0 0 0 0
 0 0 0 0 0 0 0 0 0 0 0 0 0 0 0 0 0 0 0 0 0 0 0 0 0 0 0 0 0 0 0 0 0 57 73 89 100 87 108 133 127 118 115 101 89 78 48 28 22 16 14 83 136 140 149 154 159 171 176 179 181 185 193 215 215 203 209 215 218 219 224 225 222 222 222 222 217 175 125 89 62 41 37 49 77 101 113 119 124 133 152 163 147 142 125 124 154 178 186 189 195 199 197 193 207 206 206 207 208 199 195 187 181 181 175 172 169 168 175 174 169 164 162 154 150 145 145 134 126 119 105 94 61 41 3 0 0 0 0 0 0 0 0 0 0 0 0 0 0 0 0 0 0 0 0 0 0 0 0 0 0 0 0 0 0 0 0 0 0 0 0 0 0 0 0 0 0 0 0 0 0 0 0 0 0 0 0 0
 0 0 0 0 0 0 0 0 0 0 0 0 0 0 0 0 0 0 0 0 0 0 0 0 0 0 0 0 0 0 0 0 39 74 89 101 85 50 132 127 114 115 109 89 78 49 34 24 17 11 0 44 123 134 144 151 154 164 169 171 174 178 192 193 196 197 207 210 217 219 221 215 218 217 216 217 136 95 79 70 37 42 64 88 102 115 117 127 137 144 155 142 139 132 152 169 186 183 184 195 199 193 195 199 208 206 207 210 212 189 182 178 180 172 171 171 172 172 173 169 165 163 159 149 148 145 138 139 123 108 97 79 48 11 0 0 0 0 0 0 0 0 0 0 0 0 0 0 0 0 0 0 0 0 0 0 0 0 0 0 0 0 0 0 0 0 0 0 0 0 0 0 0 0 0 0 0 0 0 0 0 0 0 0 0 0 0 0
 0 0 0 0 0 0 0 0 0 0 0 0 0 0 0 0 0 0 0 0 0 0 0 0 0 0 0 0 0 0 1 43 66 89 100 81 49 112 129 114 116 106 95 79 51 35 30 18 11 1 0 4 108 118 135 142 148 156 164 165 172 176 182 185 189 196 204 208 210 209 210 209 210 207 194 146 81 74 53 38 53 79 94 108 112 121 133 140 151 159 140 136 125 132 181 183 182 185 190 196 195 194 203 209 205 207 212 212 205 184 180 180 176 172 172 173 172 176 169 166 164 161 154 149 146 140 135 124 113 96 80 69 24 0 0 0 0 0 0 0 0 0 0 0 0 0 0 0 0 0 0 0 0 0 0 0 0 0 0 0 0 0 0 0 0 0 0 0 0 0 0 0 0 0 0 0 0 0 0 0 0 0 0 0 0 0 0 0
 0 0 0 0 0 0 0 0 0 0 0 0 0 0 0 0 0 0 0 0 0 0 0 0 0 0 0 0 0 2 46 67 84 100 80 51 113 133 120 116 110 96 83 54 35 32 24 14 4 0 0 0 95 106 123 137 143 154 161 166 169 172 181 185 187 194 197 197 201 200 203 204 174 131 111 86 61 41 37 45 90 103 111 108 118 137 143 158 153 142 132 123 147 176 181 182 187 196 195 194 198 206 207 204 214 215 210 202 193 186 182 178 175 174 177 176 174 172 167 164 160 155 150 145 142 138 131 112 101 85 70 55 1 0 0 0 0 0 0 0 0 0 0 0 0 0 0 0 0 0 0 0 0 0 0 0 0 0 0 0 0 0 0 0 0 0 0 0 0 0 0 0 0 0 0 0 0 0 0 0 0 0 0 0 0 0 0 0
 0 0 0 0 0 0 0 0 0 0 0 0 0 0 0 0 0 0 0 0 0 0 0 0 0 0 0 0 2 67 83 95 97 51 112 127 127 121 110 98 85 74 45 30 27 22 16 0 0 0 0 0 14 55 99 120 133 148 152 156 162 165 168 170 171 176 179 180 179 162 131 79 75 60 49 38 56 74 92 103 105 111 131 139 149 151 140 137 130 122 171 178 181 183 194 194 192 192 195 207 201 208 210 211 198 196 186 188 188 179 178 182 182 178 172 172 171 165 159 154 153 151 146 139 129 121 107 86 73 58 44 7 0 0 0 0 0 0 0 0 0 0 0 0 0 0 0 0 0 0 0 0 0 0 0 0 0 0 0 0 0 0 0 0 0 0 0 0 0 0 0 0 0 0 0 0 0 0 0 0 0 0 0 0 0 0 0 0
 0 0 0 0 0 0 0 0 0 0 0 0 0 0 0 0 0 0 0 0 0 0 0 0 0 0 0 3 51 83 95 97 54 97 128 127 120 112 99 87 76 48 34 27 21 16 13 0 0 0 0 0 0 5 76 103 120 141 146 151 155 158 165 166 167 170 170 157 125 90 76 63 43 34 36 43 86 97 110 110 121 136 144 154 151 139 135 129 129 158 176 182 187 194 192 193 191 199 204 202 211 212 209 199 189 184 186 180 177 179 185 183 183 177 172 168 166 161 154 153 152 145 142 128 121 104 92 73 59 47 12 0 0 0 0 0 0 0 0 0 0 0 0 0 0 0 0 0 0 0 0 0 0 0 0 0 0 0 0 0 0 0 0 0 0 0 0 0 0 0 0 0 0 0 0 0 0 0 0 0 0 0 0 0 0 0 0 0
 0 0 0 0 0 0 0 0 0 0 0 0 0 0 0 0 0 0 0 0 0 0 0 0 0 0 5 53 68 92 97 54 74 121 128 119 108 107 87 80 52 35 31 24 19 13 5 0 0 0 0 0 0 0 21 84 106 131 139 144 150 154 160 165 165 163 116 87 73 70 62 35 36 46 57 82 107 113 104 103 140 149 154 144 139 130 120 141 170 175 183 189 192 188 192 195 199 199 205 210 209 202 198 188 188 186 180 178 180 185 183 180 179 169 165 164 161 156 153 150 145 143 138 121 105 94 81 60 47 18 0 0 0 0 0 0 0 0 0 0 0 0 0 0 0 0 0 0 0 0 0 0 0 0 0 0 0 0 0 0 0 0 0 0 0 0 0 0 0 0 0 0 0 0 0 0 0 0 0 0 0 0 0 0 0 0 0 0
 0 0 0 0 0 0 0 0 0 0 0 0 0 0 0 0 0 0 0 0 0 0 0 0 0 4 53 67 80 96 54 72 126 128 121 104 104 99 82 57 37 33 27 20 15 10 0 0 0 0 0 0 0 0 0 42 92 121 134 140 147 151 157 150 140 105 70 69 63 45 34 41 60 85 93 102 113 99 112 136 153 150 140 137 127 125 159 172 175 177 189 189 187 188 202 199 202 204 204 206 198 192 184 188 180 181 176 178 176 180 178 175 169 165 162 157 155 154 149 145 144 136 130 102 94 80 65 48 18 2 0 0 0 0 0 0 0 0 0 0 0 0 0 0 0 0 0 0 0 0 0 0 0 0 0 0 0 0 0 0 0 0 0 0 0 0 0 0 0 0 0 0 0 0 0 0 0 0 0 0 0 0 0 0 0 0 0 0
 0 0 0 0 0 0 0 0 0 0 0 0 0 0 0 0 0 0 0 0 0 0 0 0 4 53 68 80 92 55 69 127 127 117 99 97 99 89 63 40 31 29 24 17 14 4 0 0 0 0 0 0 0 0 0 0 57 113 127 135 140 140 99 79 73 66 61 45 34 34 38 79 94 105 109 116 99 126 141 148 142 138 135 122 125 167 172 176 180 186 185 184 193 197 200 200 201 215 207 193 187 184 186 181 176 177 181 179 180 177 173 171 168 160 155 155 153 152 145 144 136 129 118 94 77 65 55 18 0 0 0 0 0 0 0 0 0 0 0 0 0 0 0 0 0 0 0 0 0 0 0 0 0 0 0 0 0 0 0 0 0 0 0 0 0 0 0 0 0 0 0 0 0 0 0 0 0 0 0 0 0 0 0 0 0 0 0 0
 0 0 0 0 0 0 0 0 0 0 0 0 0 0 0 0 0 0 0 0 0 0 0 3 66 79 89 99 57 123 128 115 104 97 95 90 83 77 35 31 26 22 18 13 6 0 0 0 0 0 0 0 0 0 0 0 1 45 56 56 56 58 57 46 39 31 34 44 67 87 98 118 117 106 100 124 136 143 141 138 119 121 152 165 170 177 181 181 181 182 190 196 196 198 200 199 195 188 181 185 179 172 176 175 182 179 178 176 172 168 165 160 156 154 151 146 144 142 135 122 107 99 88 63 53 34 2 0 0 0 0 0 0 0 0 0 0 0 0 0 0 0 0 0 0 0 0 0 0 0 0 0 0 0 0 0 0 0 0 0 0 0 0 0 0 0 0 0 0 0 0 0 0 0 0 0 0 0 0 0 0 0 0 0 0 0 0 0
 0 0 0 0 0 0 0 0 0 0 0 0 0 0 0 0 0 0 0 0 0 0 3 52 77 89 99 60 56 127 128 113 98 97 94 84 74 53 32 30 26 21 17 13 4 0 0 0 0 0 0 0 0 0 0 0 0 1 38 51 52 47 29 32 34 34 60 82 93 103 113 118 110 124 135 142 138 138 136 123 138 161 165 173 178 178 177 179 184 192 196 195 197 199 188 190 188 182 180 175 174 176 176 181 176 175 173 169 167 164 159 156 156 150 148 145 143 136 119 104 98 83 72 51 28 1 0 0 0 0 0 0 0 0 0 0 0 0 0 0 0 0 0 0 0 0 0 0 0 0 0 0 0 0 0 0 0 0 0 0 0 0 0 0 0 0 0 0 0 0 0 0 0 0 0 0 0 0 0 0 0 0 0 0 0 0 0 0
 0 0 0 0 0 0 0 0 0 0 0 0 0 0 0 0 0 0 0 0 0 25 51 64 87 97 64 53 121 125 121 106 101 96 85 82 61 41 31 24 23 19 15 11 3 0 0 0 0 0 0 0 0 0 0 0 0 8 15 24 26 27 33 35 39 55 92 104 110 118 120 121 135 142 143 143 134 130 117 122 164 166 171 173 172 174 179 184 188 189 193 193 192 187 176 176 180 176 177 173 174 177 180 180 171 169 168 165 163 156 156 157 151 147 143 136 136 127 101 93 78 69 60 19 0 0 0 0 0 0 0 0 0 0 0 0 0 0 0 0 0 0 0 0 0 0 0 0 0 0 0 0 0 0 0 0 0 0 0 0 0 0 0 0 0 0 0 0 0 0 0 0 0 0 0 0 0 0 0 0 0 0 0 0 0 0 0 0
 0 0 0 0 0 0 0 0 0 0 0 0 0 0 0 0 0 0 0 0 2 51 60 71 93 90 48 83 131 121 117 106 101 91 83 79 53 37 30 24 21 19 14 11 4 0 0 0 0 0 0 0 0 0 0 0 2 13 17 21 26 30 35 45 53 75 100 111 117 119 126 136 140 143 142 138 130 120 118 145 168 169 169 173 172 177 185 184 188 188 195 191 186 180 175 175 178 177 173 173 177 179 177 175 168 168 167 162 159 156 155 154 148 145 140 133 131 116 97 82 71 62 52 2 0 0 0 0 0 0 0 0 0 0 0 0 0 0 0 0 0 0 0 0 0 0 0 0 0 0 0 0 0 0 0 0 0 0 0 0 0 0 0 0 0 0 0 0 0 0 0 0 0 0 0 0 0 0 0 0 0 0 0 0 0 0 0 0
 0 0 0 0 0 0 0 0 0 0 0 0 0 0 0 0 0 0 0 2 47 63 70 80 92 49 73 127 125 113 109 105 101 85 79 63 42 30 27 25 20 18 14 14 7 0 0 0 0 0 0 0 1 3 7 11 15 20 24 28 31 35 61 82 89 97 116 118 124 131 133 140 137 134 135 134 113 128 153 160 167 167 167 169 176 181 183 185 188 191 186 178 174 171 174 173 170 171 171 175 175 174 173 167 163 162 163 158 155 154 150 148 146 137 130 118 110 101 77 70 59 48 21 0 0 0 0 0 0 0 0 0 0 0 0 0 0 0 0 0 0 0 0 0 0 0 0 0 0 0 0 0 0 0 0 0 0 0 0 0 0 0 0 0 0 0 0 0 0 0 0 0 0 0 0 0 0 0 0 0 0 0 0 0 0 0 0 0
 0 0 0 0 0 0 0 0 0 0 0 0 0 0 0 0 0 0 0 60 72 80 87 94 54 122 131 123 115 107 107 96 88 82 57 41 31 33 25 23 21 20 16 16 12 13 10 11 12 13 12 14 20 21 23 27 29 33 42 57 79 90 104 112 113 115 132 136 137 132 130 134 124 111 110 126 154 157 157 157 164 167 171 174 174 178 178 177 172 169 166 168 168 164 166 167 170 170 170 167 167 164 162 159 156 154 155 152 149 147 143 136 128 104 98 84 77 69 49 26 2 0 0 0 0 0 0 0 0 0 0 0 0 0 0 0 0 0 0 0 0 0 0 0 0 0 0 0 0 0 0 0 0 0 0 0 0 0 0 0 0 0 0 0 0 0 0 0 0 0 0 0 0 0 0 0 0 0 0 0 0 0 0 0 0 0 0 0
 0 0 0 0 0 0 0 0 0 0 0 0 0 0 0 0 0 0 36 71 79 90 95 66 115 127 123 117 104 105 102 89 82 75 47 36 27 30 27 22 21 18 18 15 14 13 14 15 16 17 19 22 25 28 30 32 34 58 78 89 97 104 112 117 121 129 136 128 121 130 133 115 106 125 139 149 151 152 155 160 166 167 172 172 175 172 170 165 163 164 164 164 164 163 169 169 171 167 166 160 160 158 157 155 154 152 149 146 146 136 133 124 108 91 77 68 65 54 10 0 0 0 0 0 0 0 0 0 0 0 0 0 0 0 0 0 0 0 0 0 0 0 0 0 0 0 0 0 0 0 0 0 0 0 0 0 0 0 0 0 0 0 0 0 0 0 0 0 0 0 0 0 0 0 0 0 0 0 0 0 0 0 0 0 0 0 0 0
 0 0 0 0 0 0 0 0 0 0 0 0 0 0 0 0 0 29 60 77 87 92 73 44 130 124 124 110 104 104 93 86 80 57 43 35 31 29 27 25 21 22 20 19 18 19 20 21 22 23 26 27 32 31 35 44 60 88 97 103 112 112 119 129 131 133 108 117 127 129 120 106 132 140 141 144 149 154 156 157 163 164 169 167 165 162 161 159 161 159 160 162 161 163 168 166 161 160 159 157 155 154 150 150 147 145 142 142 136 125 112 101 95 70 63 53 47 20 0 0 0 0 0 0 0 0 0 0 0 0 0 0 0 0 0 0 0 0 0 0 0 0 0 0 0 0 0 0 0 0 0 0 0 0 0 0 0 0 0 0 0 0 0 0 0 0 0 0 0 0 0 0 0 0 0 0 0 0 0 0 0 0 0 0 0 0 0 0
 0 0 0 0 0 0 0 0 0 0 0 0 0 0 0 0 23 59 67 85 95 56 41 86 128 123 120 111 111 98 89 82 84 49 38 32 31 31 24 25 24 24 22 22 23 22 24 25 28 30 31 32 41 46 63 81 89 103 111 112 107 117 132 129 116 65 117 123 119 107 99 120 127 135 137 141 150 151 152 156 159 158 158 157 157 154 155 155 156 155 159 158 159 162 161 159 156 156 155 153 150 148 147 146 139 140 137 130 127 103 94 84 73 54 41 15 3 0 0 0 0 0 0 0 0 0 0 0 0 0 0 0 0 0 0 0 0 0 0 0 0 0 0 0 0 0 0 0 0 0 0 0 0 0 0 0 0 0 0 0 0 0 0 0 0 0 0 0 0 0 0 0 0 0 0 0 0 0 0 0 0 0 0 0 0 0 0 0
 0 0 0 0 0 0 0 0 0 0 0 0 0 0 0 57 63 71 79 75 41 90 118 123 126 118 114 112 106 89 84 85 82 47 35 36 25 36 31 32 32 32 32 31 31 32 31 33 40 49 66 81 95 97 104 112 114 107 124 129 132 118 59 99 109 110 84 66 33 29 68 102 113 121 126 135 138 139 141 141 140 141 143 145 146 146 149 150 151 153 154 152 152 149 149 147 146 144 142 142 139 134 134 131 117 114 101 93 84 64 55 42 15 0 0 0 0 0 0 0 0 0 0 0 0 0 0 0 0 0 0 0 0 0 0 0 0 0 0 0 0 0 0 0 0 0 0 0 0 0 0 0 0 0 0 0 0 0 0 0 0 0 0 0 0 0 0 0 0 0 0 0 0 0 0 0 0 0 0 0 0 0 0 0 0 0 0 0
 0 0 0 0 0 0 0 0 0 0 0 0 0 0 5 61 70 77 87 45 67 124 126 124 120 113 113 111 103 90 82 85 83 47 39 35 31 25 34 34 33 33 31 31 30 35 40 57 74 85 90 96 108 108 113 109 100 129 131 123 78 54 112 111 105 89 51 10 0 0 1 60 85 97 101 108 115 120 125 126 135 137 139 140 141 144 145 148 149 150 146 145 146 144 141 140 140 138 138 127 128 124 119 113 95 89 81 71 60 34 10 0 0 0 0 0 0 0 0 0 0 0 0 0 0 0 0 0 0 0 0 0 0 0 0 0 0 0 0 0 0 0 0 0 0 0 0 0 0 0 0 0 0 0 0 0 0 0 0 0 0 0 0 0 0 0 0 0 0 0 0 0 0 0 0 0 0 0 0 0 0 0 0 0 0 0 0 0
 0 0 0 0 0 0 0 0 0 0 0 0 0 1 49 69 75 83 92 48 120 128 126 126 115 111 112 105 100 90 80 85 88 48 45 38 35 37 32 31 32 34 37 41 45 55 69 86 92 98 103 110 113 110 100 108 125 127 89 54 78 108 104 88 79 60 1 0 0 0 0 0 9 41 57 78 96 103 109 116 123 127 131 132 136 139 140 140 140 140 138 138 138 137 133 133 131 126 123 115 112 105 99 89 71 66 54 42 18 0 0 0 0 0 0 0 0 0 0 0 0 0 0 0 0 0 0 0 0 0 0 0 0 0 0 0 0 0 0 0 0 0 0 0 0 0 0 0 0 0 0 0 0 0 0 0 0 0 0 0 0 0 0 0 0 0 0 0 0 0 0 0 0 0 0 0 0 0 0 0 0 0 0 0 0 0 0 0
 0 0 0 0 0 0 0 0 0 0 0 0 0 43 58 71 80 94 64 102 127 128 123 127 111 113 110 105 98 90 81 88 87 58 49 47 44 42 41 43 44 48 54 70 81 85 90 97 106 109 115 114 101 102 120 133 130 56 71 107 115 106 75 56 38 3 0 0 0 0 0 0 0 0 0 7 56 76 88 95 107 113 118 123 123 125 123 123 125 126 125 127 124 125 120 115 111 109 108 96 89 79 69 59 30 18 5 0 0 0 0 0 0 0 0 0 0 0 0 0 0 0 0 0 0 0 0 0 0 0 0 0 0 0 0 0 0 0 0 0 0 0 0 0 0 0 0 0 0 0 0 0 0 0 0 0 0 0 0 0 0 0 0 0 0 0 0 0 0 0 0 0 0 0 0 0 0 0 0 0 0 0 0 0 0 0 0 0
 0 0 0 0 0 0 0 0 0 0 0 0 32 59 65 77 89 77 40 125 125 124 126 124 110 113 106 104 97 91 84 86 88 87 73 63 57 57 61 67 76 82 86 89 93 96 101 109 117 114 110 103 123 129 130 103 59 101 111 109 96 80 28 1 0 0 0 0 0 0 0 0 0 0 0 0 0 3 18 41 75 86 93 98 100 103 105 106 109 107 108 107 106 101 96 96 91 88 82 62 50 33 16 3 0 0 0 0 0 0 0 0 0 0 0 0 0 0 0 0 0 0 0 0 0 0 0 0 0 0 0 0 0 0 0 0 0 0 0 0 0 0 0 0 0 0 0 0 0 0 0 0 0 0 0 0 0 0 0 0 0 0 0 0 0 0 0 0 0 0 0 0 0 0 0 0 0 0 0 0 0 0 0 0 0 0 0 0
 0 0 0 0 0 0 0 0 0 0 13 45 58 67 70 90 77 40 64 126 126 128 125 121 111 114 108 106 98 91 91 85 83 85 87 87 88 86 87 90 92 94 98 104 110 115 117 115 117 114 111 128 85 63 58 91 112 103 85 70 46 7 0 0 0 0 0 0 0 0 0 0 0 0 0 0 0 0 0 0 0 0 0 2 6 17 23 30 36 38 38 35 33 27 16 12 5 3 1 0 0 0 0 0 0 0 0 0 0 0 0 0 0 0 0 0 0 0 0 0 0 0 0 0 0 0 0 0 0 0 0 0 0 0 0 0 0 0 0 0 0 0 0 0 0 0 0 0 0 0 0 0 0 0 0 0 0 0 0 0 0 0 0 0 0 0 0 0 0 0 0 0 0 0 0 0 0 0 0 0 0 0 0 0 0 0 0 0
 0 0 0 0 0 0 0 0 0 0 56 59 64 69 75 91 51 41 113 127 124 128 123 117 111 113 103 105 103 92 91 93 91 91 91 92 93 94 96 98 103 105 109 117 115 116 119 122 122 126 127 90 68 89 113 113 104 74 55 15 0 0 0 0 0 0 0 0 0 0 0 0 0 0 0 0 0 0 0 0 0 0 0 0 0 0 0 0 0 0 0 0 0 0 0 0 0 0 0 0 0 0 0 0 0 0 0 0 0 0 0 0 0 0 0 0 0 0 0 0 0 0 0 0 0 0 0 0 0 0 0 0 0 0 0 0 0 0 0 0 0 0 0 0 0 0 0 0 0 0 0 0 0 0 0 0 0 0 0 0 0 0 0 0 0 0 0 0 0 0 0 0 0 0 0 0 0 0 0 0 0 0 0 0 0 0 0 0
 0 0 0 0 0 0 0 0 0 1 56 60 68 72 79 67 35 74 127 126 124 126 124 115 109 109 103 101 106 96 96 93 93 93 95 95 98 100 106 107 112 116 117 114 120 120 126 122 123 91 54 66 114 110 106 94 77 27 1 0 0 0 0 0 0 0 0 0 0 0 0 0 0 0 0 0 0 0 0 0 0 0 0 0 0 0 0 0 0 0 0 0 0 0 0 0 0 0 0 0 0 0 0 0 0 0 0 0 0 0 0 0 0 0 0 0 0 0 0 0 0 0 0 0 0 0 0 0 0 0 0 0 0 0 0 0 0 0 0 0 0 0 0 0 0 0 0 0 0 0 0 0 0 0 0 0 0 0 0 0 0 0 0 0 0 0 0 0 0 0 0 0 0 0 0 0 0 0 0 0 0 0 0 0 0 0 0 0
 0 0 0 0 0 0 0 0 0 35 63 67 70 78 89 47 42 117 128 123 124 121 121 109 105 112 107 102 101 104 101 102 103 103 105 105 105 108 115 115 113 115 120 119 124 131 132 90 52 63 100 114 101 94 79 66 35 0 0 0 0 0 0 0 0 0 0 0 0 0 0 0 0 0 0 0 0 0 0 0 0 0 0 0 0 0 0 0 0 0 0 0 0 0 0 0 0 0 0 0 0 0 0 0 0 0 0 0 0 0 0 0 0 0 0 0 0 0 0 0 0 0 0 0 0 0 0 0 0 0 0 0 0 0 0 0 0 0 0 0 0 0 0 0 0 0 0 0 0 0 0 0 0 0 0 0 0 0 0 0 0 0 0 0 0 0 0 0 0 0 0 0 0 0 0 0 0 0 0 0 0 0 0 0 0 0 0 0
 0 0 0 0 0 0 0 0 18 61 67 69 75 83 95 36 70 128 130 122 126 114 110 101 104 115 113 108 106 102 104 104 107 108 113 116 117 116 111 116 122 124 122 129 131 124 89 61 97 112 110 104 74 67 46 6 0 0 0 0 0 0 0 0 0 0 0 0 0 0 0 0 0 0 0 0 0 0 0 0 0 0 0 0 0 0 0 0 0 0 0 0 0 0 0 0 0 0 0 0 0 0 0 0 0 0 0 0 0 0 0 0 0 0 0 0 0 0 0 0 0 0 0 0 0 0 0 0 0 0 0 0 0 0 0 0 0 0 0 0 0 0 0 0 0 0 0 0 0 0 0 0 0 0 0 0 0 0 0 0 0 0 0 0 0 0 0 0 0 0 0 0 0 0 0 0 0 0 0 0 0 0 0 0 0 0 0 0
 0 0 0 0 0 0 1 47 58 64 73 76 85 98 64 49 126 129 128 112 107 105 109 117 109 106 106 101 98 102 108 110 112 116 114 116 123 129 130 131 131 127 100 49 63 98 115 104 95 78 66 40 0 0 0 0 0 0 0 0 0 0 0 0 0 0 0 0 0 0 0 0 0 0 0 0 0 0 0 0 0 0 0 0 0 0 0 0 0 0 0 0 0 0 0 0 0 0 0 0 0 0 0 0 0 0 0 0 0 0 0 0 0 0 0 0 0 0 0 0 0 0 0 0 0 0 0 0 0 0 0 0 0 0 0 0 0 0 0 0 0 0 0 0 0 0 0 0 0 0 0 0 0 0 0 0 0 0 0 0 0 0 0 0 0 0 0 0 0 0 0 0 0 0 0 0 0 0 0 0 0 0 0 0 0 0 0 0
 0 0 0 0 0 0 26 62 59 67 77 80 93 86 52 64 129 123 126 117 118 125 120 120 112 107 97 89 93 112 115 118 120 119 121 123 126 129 133 122 90 54 54 99 113 111 105 81 68 46 8 0 0 0 0 0 0 0 0 0 0 0 0 0 0 0 0 0 0 0 0 0 0 0 0 0 0 0 0 0 0 0 0 0 0 0 0 0 0 0 0 0 0 0 0 0 0 0 0 0 0 0 0 0 0 0 0 0 0 0 0 0 0 0 0 0 0 0 0 0 0 0 0 0 0 0 0 0 0 0 0 0 0 0 0 0 0 0 0 0 0 0 0 0 0 0 0 0 0 0 0 0 0 0 0 0 0 0 0 0 0 0 0 0 0 0 0 0 0 0 0 0 0 0 0 0 0 0 0 0 0 0 0 0 0 0 0 0
 0 0 0 0 0 7 59 55 66 69 80 84 98 72 43 69 119 127 124 121 121 123 123 117 113 109 106 109 116 126 125 126 124 126 128 114 114 131 79 50 57 88 113 112 106 98 84 51 12 0 0 0 0 0 0 0 0 0 0 0 0 0 0 0 0 0 0 0 0 0 0 0 0 0 0 0 0 0 0 0 0 0 0 0 0 0 0 0 0 0 0 0 0 0 0 0 0 0 0 0 0 0 0 0 0 0 0 0 0 0 0 0 0 0 0 0 0 0 0 0 0 0 0 0 0 0 0 0 0 0 0 0 0 0 0 0 0 0 0 0 0 0 0 0 0 0 0 0 0 0 0 0 0 0 0 0 0 0 0 0 0 0 0 0 0 0 0 0 0 0 0 0 0 0 0 0 0 0 0 0 0 0 0 0 0 0 0 0
 0 0 0 0 0 45 60 62 68 71 85 92 97 62 33 74 126 127 125 124 117 114 113 113 121 123 124 124 126 125 125 127 129 133 132 93 75 63 63 92 113 112 109 96 84 70 55 0 0 0 0 0 0 0 0 0 0 0 0 0 0 0 0 0 0 0 0 0 0 0 0 0 0 0 0 0 0 0 0 0 0 0 0 0 0 0 0 0 0 0 0 0 0 0 0 0 0 0 0 0 0 0 0 0 0 0 0 0 0 0 0 0 0 0 0 0 0 0 0 0 0 0 0 0 0 0 0 0 0 0 0 0 0 0 0 0 0 0 0 0 0 0 0 0 0 0 0 0 0 0 0 0 0 0 0 0 0 0 0 0 0 0 0 0 0 0 0 0 0 0 0 0 0 0 0 0 0 0 0 0 0 0 0 0 0 0 0 0
 0 0 0 0 2 59 63 68 70 78 97 103 89 58 29 69 128 133 128 129 127 130 131 131 130 130 131 132 131 129 123 103 70 46 57 81 106 116 106 98 90 75 67 23 0 0 0 0 0 0 0 0 0 0 0 0 0 0 0 0 0 0 0 0 0 0 0 0 0 0 0 0 0 0 0 0 0 0 0 0 0 0 0 0 0 0 0 0 0 0 0 0 0 0 0 0 0 0 0 0 0 0 0 0 0 0 0 0 0 0 0 0 0 0 0 0 0 0 0 0 0 0 0 0 0 0 0 0 0 0 0 0 0 0 0 0 0 0 0 0 0 0 0 0 0 0 0 0 0 0 0 0 0 0 0 0 0 0 0 0 0 0 0 0 0 0 0 0 0 0 0 0 0 0 0 0 0 0 0 0 0 0 0 0 0 0 0 0
 0 0 0 0 26 55 66 69 74 80 99 103 90 58 28 39 105 132 132 129 128 129 127 128 129 131 131 129 122 70 48 45 59 95 109 115 109 104 88 76 65 44 9 0 0 0 0 0 0 0 0 0 0 0 0 0 0 0 0 0 0 0 0 0 0 0 0 0 0 0 0 0 0 0 0 0 0 0 0 0 0 0 0 0 0 0 0 0 0 0 0 0 0 0 0 0 0 0 0 0 0 0 0 0 0 0 0 0 0 0 0 0 0 0 0 0 0 0 0 0 0 0 0 0 0 0 0 0 0 0 0 0 0 0 0 0 0 0 0 0 0 0 0 0 0 0 0 0 0 0 0 0 0 0 0 0 0 0 0 0 0 0 0 0 0 0 0 0 0 0 0 0 0 0 0 0 0 0 0 0 0 0 0 0 0 0 0 0
 0 0 0 2 56 63 68 70 75 83 101 104 98 61 46 37 42 90 119 131 130 128 129 128 117 102 81 56 44 54 74 98 111 110 108 103 96 86 66 45 7 0 0 0 0 0 0 0 0 0 0 0 0 0 0 0 0 0 0 0 0 0 0 0 0 0 0 0 0 0 0 0 0 0 0 0 0 0 0 0 0 0 0 0 0 0 0 0 0 0 0 0 0 0 0 0 0 0 0 0 0 0 0 0 0 0 0 0 0 0 0 0 0 0 0 0 0 0 0 0 0 0 0 0 0 0 0 0 0 0 0 0 0 0 0 0 0 0 0 0 0 0 0 0 0 0 0 0 0 0 0 0 0 0 0 0 0 0 0 0 0 0 0 0 0 0 0 0 0 0 0 0 0 0 0 0 0 0 0 0 0 0 0 0 0 0 0 0
 0 0 0 7 61 64 68 71 76 83 101 105 101 64 54 36 39 49 78 112 115 111 110 103 72 55 44 41 48 84 105 114 113 107 103 95 86 74 43 9 0 0 0 0 0 0 0 0 0 0 0 0 0 0 0 0 0 0 0 0 0 0 0 0 0 0 0 0 0 0 0 0 0 0 0 0 0 0 0 0 0 0 0 0 0 0 0 0 0 0 0 0 0 0 0 0 0 0 0 0 0 0 0 0 0 0 0 0 0 0 0 0 0 0 0 0 0 0 0 0 0 0 0 0 0 0 0 0 0 0 0 0 0 0 0 0 0 0 0 0 0 0 0 0 0 0 0 0 0 0 0 0 0 0 0 0 0 0 0 0 0 0 0 0 0 0 0 0 0 0 0 0 0 0 0 0 0 0 0 0 0 0 0 0 0 0 0 0
 0 0 0 37 66 69 70 73 78 86 101 107 109 83 60 32 30 35 38 40 40 40 40 39 43 52 65 84 105 111 109 106 102 93 82 70 65 41 0 0 0 0 0 0 0 0 0 0 0 0 0 0 0 0 0 0 0 0 0 0 0 0 0 0 0 0 0 0 0 0 0 0 0 0 0 0 0 0 0 0 0 0 0 0 0 0 0 0 0 0 0 0 0 0 0 0 0 0 0 0 0 0 0 0 0 0 0 0 0 0 0 0 0 0 0 0 0 0 0 0 0 0 0 0 0 0 0 0 0 0 0 0 0 0 0 0 0 0 0 0 0 37 41 1 0 0 0 0 0 0 0 0 0 0 0 0 0 0 0 0 0 0 0 0 0 0 0 0 0 0 0 0 0 0 0 0 0 0 0 0 0 0 0 0 0 0 0 0
 0 0 12 64 63 70 73 74 80 86 94 98 107 112 111 98 88 83 84 90 98 104 108 112 110 109 108 102 99 89 80 69 65 28 2 0 0 0 0 0 0 0 0 0 0 0 0 0 0 0 0 0 0 0 0 0 0 0 0 0 0 0 0 0 0 0 0 0 0 0 0 0 0 0 0 0 0 0 0 0 0 0 0 0 0 0 0 0 0 0 0 0 0 0 0 0 0 0 0 0 0 0 0 0 0 0 0 0 0 0 0 0 0 0 0 0 0 0 0 0 0 0 0 0 0 0 0 0 0 0 0 0 0 0 0 0 0 0 0 0 0 0 17 1 0 0 0 0 0 0 0 0 0 0 0 0 0 0 0 0 0 0 0 0 0 0 0 0 0 0 0 0 0 0 0 0 0 0 0 0 0 0 0 0 0 0 0 0
 0 0 30 67 61 70 73 75 80 86 95 95 97 104 109 112 113 112 114 111 111 112 110 108 103 101 95 93 84 68 62 38 7 0 0 0 0 0 0 0 0 0 0 0 0 0 0 0 0 0 0 0 0 0 0 0 0 0 0 0 0 0 0 0 0 0 0 0 0 0 0 0 0 0 0 0 0 0 0 0 0 0 0 0 0 0 0 0 0 0 0 0 0 0 0 0 0 0 0 0 0 0 0 0 0 0 0 0 0 0 0 0 0 0 0 0 0 0 0 0 0 0 0 0 0 0 0 0 0 0 0 0 0 0 0 0 0 0 0 0 0 0 0 0 0 0 0 0 0 0 0 0 0 0 0 0 0 0 0 0 0 0 0 0 0 0 0 0 0 0 0 0 0 0 0 0 0 0 0 0 0 0 0 0 0 0 0 0
 0 0 40 68 63 71 76 76 79 84 94 96 97 99 100 104 105 104 105 105 104 102 102 98 91 87 78 71 68 26 3 0 0 0 0 0 0 0 0 0 0 0 0 0 0 0 0 0 0 0 0 0 0 0 0 0 0 0 0 0 0 0 0 0 0 0 0 0 0 0 0 0 0 0 0 0 0 0 0 0 0 0 0 0 0 0 0 0 0 0 0 0 0 0 0 0 0 0 0 0 0 0 0 0 0 0 0 0 0 0 0 0 0 0 0 0 0 0 0 0 0 0 0 0 0 0 0 0 0 0 0 0 0 0 0 0 0 0 0 0 0 0 0 0 0 0 0 0 0 0 0 0 0 0 0 0 0 0 0 0 0 0 0 0 0 0 0 0 0 0 0 0 0 0 0 0 0 0 0 0 0 0 0 0 0 0 0 0
 0 0 42 69 67 69 75 76 77 81 89 90 93 96 98 99 99 100 100 98 93 92 90 86 72 67 64 46 15 0 0 0 0 0 0 0 0 0 0 0 0 0 0 0 0 0 0 0 0 0 0 0 0 0 0 0 0 0 0 0 0 0 0 0 0 0 0 0 0 0 0 0 0 0 0 0 0 0 0 0 0 0 0 0 0 0 0 0 0 0 0 0 0 0 0 0 0 0 0 0 0 0 0 0 0 0 0 0 0 0 0 0 0 0 0 0 0 0 0 0 0 0 0 0 0 0 0 0 0 0 0 0 0 0 0 0 0 0 0 0 0 0 0 0 0 0 0 0 0 0 0 0 0 0 0 0 0 0 0 0 0 0 0 0 0 0 0 0 0 0 0 0 0 0 0 0 0 0 0 0 0 0 0 0 0 0 0 0
 0 0 44 70 70 66 72 76 78 79 84 86 88 90 91 91 91 91 90 85 82 76 72 68 56 29 5 0 0 0 0 0 0 0 0 0 0 0 0 0 0 0 0 0 0 0 0 0 0 0 0 0 0 0 0 0 0 0 0 0 0 0 0 0 0 0 0 0 0 0 0 0 0 0 0 0 0 0 0 0 0 0 0 0 0 0 0 0 0 0 0 0 0 0 0 0 0 0 0 0 0 0 0 0 0 0 0 0 0 0 0 0 0 0 0 0 0 0 0 0 0 0 0 0 0 0 0 0 0 0 0 0 0 0 0 0 0 0 0 0 0 0 0 0 0 0 0 0 0 0 0 0 0 0 0 0 0 0 0 0 0 0 0 0 0 0 0 0 0 0 0 0 0 0 0 0 0 0 0 0 0 0 0 0 0 0 0 0
 0 0 2 56 71 69 54 57 69 74 75 77 77 76 74 69 66 66 68 52 28 6 1 0 0 0 0 0 0 0 0 0 0 0 0 0 0 0 0 0 0 0 0 0 0 0 0 0 0 0 0 0 0 0 0 0 0 0 0 0 0 0 0 0 0 0 0 0 0 0 0 0 0 0 0 0 0 0 0 0 0 0 0 0 0 0 0 0 0 0 0 0 0 0 0 0 0 0 0 0 0 0 0 0 0 0 0 0 0 0 0 0 0 0 0 0 0 0 0 0 0 0 0 0 0 0 0 0 0 0 0 0 0 0 0 0 0 0 0 0 0 0 0 0 0 0 0 0 0 0 0 0 0 0 0 0 0 0 0 0 0 0 0 0 0 0 0 0 0 0 0 0 0 0 0 0 0 0 0 0 0 0 0 0 0 0 0 0
 0 0 0 9 56 71 72 70 66 62 62 62 64 66 68 67 61 45 22 0 0 0 0 0 0 0 0 0 0 0 0 0 0 0 0 0 0 0 0 0 0 0 0 0 0 0 0 0 0 0 0 0 0 0 0 0 0 0 0 0 0 0 0 0 0 0 0 0 0 0 0 0 0 0 0 0 0 0 0 0 0 0 0 0 0 0 0 0 0 0 0 0 0 0 0 0 0 0 0 0 0 0 0 0 0 0 0 0 0 0 0 0 0 0 0 0 0 0 0 0 0 0 0 0 0 0 0 0 0 0 0 0 0 0 0 0 0 0 0 0 0 0 0 0 0 0 0 0 0 0 0 0 0 0 0 0 0 0 0 0 0 0 0 0 0 0 0 0 0 0 0 0 0 0 0 0 0 0 0 0 0 0 0 0 0 0 0 0
 0 0 0 0 2 53 64 67 69 68 66 65 60 52 42 9 1 0 0 0 0 0 0 0 0 0 0 0 0 0 0 0 0 0 0 0 0 0 0 0 0 0 0 0 0 0 0 0 0 0 0 0 0 0 0 0 0 0 0 0 0 0 0 0 0 0 0 0 0 0 0 0 0 0 0 0 0 0 0 0 0 0 0 0 0 0 0 0 0 0 0 0 0 0 0 0 0 0 0 0 0 0 0 0 0 0 0 0 0 0 0 0 0 0 0 0 0 0 0 0 0 0 0 0 0 0 0 0 0 0 0 0 0 0 0 0 0 0 0 0 0 0 0 0 0 0 0 0 0 0 0 0 0 0 0 0 0 0 0 0 0 0 0 0 0 0 0 0 0 0 0 0 0 0 0 0 0 0 0 0 0 0 0 0 0 0 0 0
 0 0 0 0 0 0 3 7 10 10 4 2 0 0 0 0 0 0 0 0 0 0 0 0 0 0 0 0 0 0 0 0 0 0 0 0 0 0 0 0 0 0 0 0 0 0 0 0 0 0 0 0 0 0 0 0 0 0 0 0 0 0 0 0 0 0 0 0 0 0 0 0 0 0 0 0 0 0 0 0 0 0 0 0 0 0 0 0 0 0 0 0 0 0 0 0 0 0 0 0 0 0 0 0 0 0 0 0 0 0 0 0 0 0 0 0 0 0 0 0 0 0 0 0 0 0 0 0 0 0 0 0 0 0 0 0 0 0 0 0 0 0 0 0 0 0 0 0 0 0 0 0 0 0 0 0 0 0 0 0 0 0 0 0 0 0 0 0 0 0 0 0 0 0 0 0 0 0 0 0 0 0 0 0 0 0 0 0


